13.554029166698456
12.514753639698029
13.236844539642334
13.266421854496002
9.006011486053467
9.224315732717514
17.575639486312866
11.598917841911316
19.386963546276093
7.730107754468918
7.20420703291893
10.295858979225159
6.046827137470245
7.3630765080451965
14.230208098888397
10.591976344585419
13.767676055431366
10.5093352496624
12.02385127544403
10.401113331317902
9.922786056995392
11.939572542905807
9.750930219888687
15.23543894290924
6.756862998008728
13.854718208312988
11.626460403203964
10.28626635670662
9.70970019698143
13.99533897638321
14.877158403396606
6.734256446361542
4.528914391994476
10.990951210260391
10.143666714429855
4.826910421252251
11.162542551755905
13.529379665851593
15.265849232673645
18.816176056861877
13.898181915283203
21.94993495941162
12.50498741865158
8.797428756952286
7.604581117630005
12.870600819587708
9.917649626731873
8.666681498289108
10.281386226415634
11.438927054405212
6.032078340649605
7.116346061229706
12.652339041233063
6.618471443653107
6.467487663030624
6.866022199392319
15.431252121925354
12.71049827337265
6.437752395868301
7.338567823171616
8.58902633190155
14.071346819400787
16.184350848197937
8.560065925121307
5.761619284749031
6.783629953861237
7.364314049482346
9.62052270770073
15.709033608436584
11.42323687672615
13.61042708158493
15.851244330406189
14.596544206142426
12.783582508563995
24.807055294513702
11.196329444646835
8.238545805215836
13.158880174160004
10.484397411346436
7.880514860153198
7.6545774936676025
13.080073893070221
14.608187973499298
4.523470252752304
7.708414644002914
4.752203077077866
12.573221325874329
8.18081647157669
14.212150871753693
11.834125965833664
14.463575184345245
7.54617303609848
8.342989534139633
13.475818932056427
13.984052836894989
7.727512717247009
10.820236057043076
8.016922324895859
8.785173296928406
9.031542390584946
11.19919940829277
9.351042658090591
11.025376617908478
5.144403502345085
5.073172971606255
12.225663661956787
7.708103209733963
11.868336796760559
9.706941992044449
15.328523516654968
17.364928126335144
7.275398075580597
5.680609121918678
17.36980825662613
6.86553418636322
8.86775553226471
8.823320269584656
11.272192746400833
11.839324235916138
7.712643593549728
10.39847880601883
10.397341102361679
13.370740413665771
6.528358906507492
10.026422888040543
13.665993511676788
11.968988180160522
9.540413320064545
8.444178849458694
12.188932299613953
9.437725692987442
12.249843031167984
8.985348790884018
7.352253794670105
13.101747632026672
10.360302776098251
13.047046959400177
15.403759479522705
9.656241536140442
12.310636043548584
11.431942880153656
11.012428253889084
16.413740813732147
8.414965867996216
13.131332397460938
8.538056164979935
6.293411552906036
8.061592280864716
15.136374533176422
11.19365319609642
14.422968029975891
12.423407286405563
13.408471643924713
11.364695429801941
13.413657248020172
11.633625626564026
11.111849546432495
8.354618400335312
14.041656255722046
7.831721752882004
12.389282137155533
15.826979279518127
6.132711842656136
8.299078792333603
13.041409850120544
7.901423424482346
15.569262206554413
12.105420231819153
8.247669041156769
8.43224748969078
10.246370732784271
10.82465872168541
9.233668446540833
17.816804349422455
13.298062980175018
14.5573690533638
8.343435823917389
9.453102946281433
7.763705402612686
7.897129654884338
10.885828733444214
14.060379564762115
11.032494902610779
12.914086878299713
11.459358036518097
8.882719278335571
11.131040006875992
11.11200600862503
13.29929530620575
9.482762217521667
12.968884408473969
9.905262291431427
7.612267881631851
4.145442694425583
4.7538477927446365
7.932741194963455
10.79118624329567
2.0693721249699593
4.224901273846626
11.7957204580307
13.07552307844162
12.227417528629303
14.002808928489685
9.958603233098984
2.5172650814056396
4.660740494728088
8.942440897226334
15.344575047492981
13.592833280563354
13.957759737968445
11.089430004358292
7.222410291433334
5.571505054831505
4.750937968492508
6.284629553556442
9.187491983175278
10.967152565717697
13.208597898483276
12.205993384122849
9.900452941656113
6.296297162771225
7.207683473825455
10.631459206342697
9.671387076377869
10.24588719010353
6.051221117377281
11.914555728435516
11.379451304674149
9.408340603113174
8.888905495405197
6.464122980833054
1.837729848921299
2.0819995552301407
3.9385993033647537
4.093066975474358
7.770807296037674
8.658561110496521
3.8588300347328186
8.07817354798317
6.7513540387153625
1.7744090408086777
2.063899487257004
6.655915826559067
11.711704730987549
3.013976104557514
5.897781625390053
9.775826334953308
6.31229430437088
5.865970253944397
2.1398914977908134
8.50972980260849
6.68424591422081
9.627718478441238
4.658207297325134
10.263755172491074
10.345254093408585
2.0867574959993362
1.8072126433253288
12.585875391960144
9.288083761930466
4.261024296283722
11.070168763399124
12.164022773504257
12.234365940093994
11.549627780914307
14.67333734035492
14.325127005577087
12.183190882205963
15.942388772964478
12.066667526960373
12.825576961040497
8.208129554986954
11.681579053401947
14.64703381061554
11.286082863807678
11.4842027425766
11.47836521267891
6.723975390195847
6.675440073013306
10.624483227729797
12.553746998310089
6.540586054325104
10.0576713681221
15.860451757907867
13.379061222076416
19.182774424552917
13.767893612384796
15.91966301202774
11.406435072422028
14.184759557247162
8.849144726991653
8.224551379680634
9.924376755952835
10.216564685106277
13.675478100776672
11.326764523983002
9.908809512853622
6.044014543294907
5.4214611649513245
7.550719380378723
4.841818660497665
2.306995540857315
7.075866311788559
11.549317836761475
4.02563251554966
3.786952421069145
3.1407009810209274
4.9464114010334015
8.588030189275742
11.98141872882843
7.945172488689423
5.149861052632332
6.500581651926041
15.320295095443726
14.59960788488388
11.03770136833191
15.729303658008575
14.140763878822327
16.423045098781586
11.000119894742966
20.469088852405548
11.484599858522415
10.023971647024155
5.4081156849861145
1.6641922295093536
2.6034971699118614
7.185526937246323
9.512698650360107
3.1066084280610085
7.155834138393402
3.4400664269924164
4.0999554097652435
9.868568181991577
8.228631317615509
4.72235232591629
9.662801772356033
9.748733043670654
8.562640100717545
11.254610121250153
13.269875943660736
11.643651872873306
11.13857552409172
13.146544992923737
12.74670958518982
20.102377235889435
14.995832741260529
15.453211963176727
10.04967987537384
15.000887215137482
13.441964983940125
15.099094808101654
9.234592318534851
25.117480754852295
12.287329137325287
8.707644790410995
9.984734654426575
10.82058921456337
5.6550633162260056
6.94616436958313
8.490131795406342
11.460720747709274
11.958438903093338
9.684613347053528
7.928228378295898
12.39522323012352
14.512990415096283
11.415919661521912
15.290914475917816
8.475709706544876
9.46565717458725
4.880009219050407
24.882793426513672
10.030113160610199
8.735036849975586
10.318177193403244
12.838807702064514
7.980889081954956
18.786635994911194
10.695178806781769
10.718218982219696
15.921373665332794
12.969186902046204
8.934681862592697
16.649730503559113
10.683980584144592
12.643414735794067
20.059680938720703
10.752511769533157
7.112113386392593
10.039883852005005
6.955365836620331
8.924918621778488
13.534961640834808
4.939658939838409
13.445386290550232
10.615453869104385
7.113959640264511
11.188659816980362
9.413088113069534
11.32180318236351
13.425266742706299
14.639583230018616
14.559991657733917
11.141914129257202
13.409438729286194
15.240706503391266
8.731980621814728
6.875023990869522
7.405050843954086
10.528040677309036
10.796114057302475
9.727669507265091
8.261764794588089
9.031740576028824
9.018141776323318
9.249972552061081
8.133647590875626
10.246600210666656
7.651337236166
14.68987911939621
14.937672019004822
11.317814886569977
9.801580756902695
9.006206691265106
9.025397896766663
6.034128367900848
6.959767639636993
5.711301788687706
23.4546035528183
10.741621255874634
11.579234898090363
12.830093502998352
13.121214509010315
4.146012663841248
20.233701169490814
10.507012158632278
10.627113282680511
8.698167651891708
15.322467684745789
9.062384814023972
7.066499441862106
9.38599556684494
10.77497974038124
12.763747572898865
11.92413792014122
16.893108189105988
11.783023178577423
8.376632630825043
13.839024305343628
14.441518485546112
14.776411652565002
7.524389028549194
11.02653592824936
7.576841861009598
13.013719022274017
11.916729062795639
10.29139757156372
5.261960253119469
8.462799340486526
10.923942923545837
9.934387356042862
13.619129359722137
8.608578145503998
12.479084730148315
14.050045609474182
6.8634942173957825
6.474040448665619
5.431189388036728
6.461535394191742
12.719441950321198
12.989404797554016
7.867545634508133
9.3825563788414
18.75397264957428
11.358238011598587
9.980405867099762
9.507306665182114
12.72863894701004
12.082289159297943
10.190556943416595
3.866443783044815
11.528334766626358
17.572158575057983
10.04808023571968
10.44352725148201
8.925238251686096
2.133423835039139
13.119888305664062
11.325474828481674
10.912557691335678
7.511746883392334
9.697172790765762
6.078606843948364
4.011763259768486
15.758541226387024
7.7952951192855835
9.911102801561356
10.784691572189331
4.691649228334427
3.215418756008148
6.47445023059845
10.829906165599823
6.5536536276340485
6.655626744031906
5.938972160220146
6.499132513999939
12.453354150056839
8.929048478603363
7.672978937625885
12.84022182226181
2.156573347747326
3.245178610086441
16.360610723495483
8.943396806716919
13.87832909822464
12.809596955776215
6.45734965801239
7.275068759918213
10.029081255197525
14.466260373592377
15.689072012901306
18.246957659721375
9.369716048240662
12.87691444158554
10.28415635228157
10.518472641706467
7.993029057979584
11.621206253767014
4.31724451482296
11.063158512115479
13.67415189743042
7.0646971464157104
6.559716165065765
15.258337557315826
15.391206741333008
22.64287620782852
11.25745102763176
5.050841718912125
5.703436583280563
12.952636182308197
14.555998146533966
5.780882760882378
13.129429519176483
3.496956080198288
4.1258305311203
17.085321247577667
10.543332993984222
11.930801719427109
12.808267772197723
7.775906473398209
8.41948315501213
8.589627593755722
8.592795580625534
7.043719291687012
12.741924822330475
8.295480161905289
14.632548391819
12.505397200584412
7.8720323741436005
13.359947502613068
8.652668446302414
12.717394530773163
6.9116756319999695
11.691290140151978
4.341341182589531
7.744798064231873
6.243661418557167
3.925429657101631
6.9810666143894196
7.520254701375961
10.07910966873169
9.404045343399048
9.212855249643326
10.521125048398972
8.294055610895157
17.979423701763153
9.93683934211731
6.420014798641205
14.220456779003143
9.615658968687057
13.002565503120422
12.974998354911804
6.364484131336212
9.728393703699112
13.485097885131836
11.290623247623444
10.228367894887924
5.171104893088341
8.764620870351791
6.127715110778809
10.091409087181091
3.928954154253006
5.609029531478882
6.5711624920368195
9.196417778730392
8.120900392532349
7.419753819704056
6.874506175518036
7.850201427936554
10.198643058538437
7.665909826755524
9.72968339920044
12.178698182106018
5.173914507031441
12.018153071403503
9.700948745012283
14.539650082588196
14.829565584659576
7.685065269470215
12.372826784849167
7.836093008518219
11.518194526433945
9.657282382249832
8.361553400754929
15.330326557159424
11.464566737413406
11.374577134847641
12.157248705625534
7.307261973619461
6.966735422611237
12.682099640369415
14.384721219539642
12.275795638561249
6.408324837684631
4.182735458016396
7.073930650949478
4.287697002291679
4.836070165038109
4.813125729560852
5.69106712937355
4.91582490503788
7.159204035997391
9.737247973680496
4.5487359166145325
11.302686482667923
12.555274367332458
4.73506785929203
6.836414337158203
12.419207394123077
10.823965817689896
11.408349126577377
12.383513897657394
7.299638539552689
12.076261639595032
13.661067187786102
7.619073987007141
3.4912429749965668
11.521133780479431
5.443185195326805
6.960159540176392
9.868046641349792
11.35265827178955
5.401758477091789
10.188935697078705
11.66963130235672
12.855322659015656
14.328587055206299
13.020139932632446
7.766927033662796
12.859077751636505
9.664864838123322
11.53559684753418
14.71375972032547
16.61960929632187
11.02980524301529
10.468782484531403
7.983627915382385
12.241200357675552
6.394725292921066
9.081262350082397
5.67493811249733
9.251482784748077
8.31163078546524
8.863435685634613
7.713277637958527
5.504173785448074
13.996468484401703
16.59785360097885
7.018046826124191
7.339964061975479
10.682425647974014
6.573783606290817
12.22761943936348
8.614400029182434
9.188254177570343
13.256755471229553
13.308767974376678
10.446428507566452
12.479494512081146
13.00298273563385
12.31975331902504
11.561894416809082
12.017617374658585
16.463503241539
9.220582991838455
11.904900521039963
11.999264359474182
13.913999497890472
15.62306135892868
13.662885129451752
12.18506544828415
18.618643283843994
11.478645354509354
11.491604149341583
17.406395077705383
12.26409524679184
6.5984927117824554
14.067383110523224
15.13056755065918
11.963851004838943
12.138897180557251
6.432211399078369
5.860763043165207
6.875158101320267
12.520542740821838
6.162552908062935
13.4869784116745
10.094764083623886
6.808362156152725
15.656518936157227
6.504311412572861
10.678282380104065
11.567699164152145
6.206078827381134
6.961419433355331
15.032349526882172
14.086619019508362
8.05698037147522
33.484551310539246
13.173432648181915
5.389967188239098
12.172169238328934
7.868587970733643
15.157438814640045
17.782023549079895
13.881513476371765
12.050129473209381
12.277466058731079
9.606469422578812
11.777598410844803
11.166906356811523
13.12076449394226
11.04680746793747
9.523320943117142
7.508299499750137
5.280895158648491
8.193080127239227
8.71739387512207
5.977637693285942
14.809295535087585
9.714264422655106
15.046104788780212
12.154249101877213
10.844685137271881
15.455389022827148
12.156934291124344
16.43035113811493
13.282601535320282
14.819304645061493
12.492956966161728
12.023650109767914
10.052625834941864
9.35959741473198
9.005875885486603
4.098628461360931
13.836032152175903
13.153280317783356
11.277807503938675
6.407901644706726
7.147118449211121
9.593959897756577
18.700087070465088
5.537732318043709
13.852019608020782
11.389949172735214
8.399458229541779
9.921053051948547
17.741820216178894
12.355700880289078
6.286719441413879
5.350872129201889
3.933171182870865
7.488473504781723
8.973520249128342
12.621492147445679
13.395114243030548
11.916472762823105
13.488715887069702
21.189138293266296
9.938562661409378
13.701939582824707
13.571614027023315
11.991380900144577
5.9651970863342285
10.578713566064835
6.801778823137283
12.264048308134079
9.785636514425278
10.39917841553688
8.522435277700424
12.22279891371727
7.241324335336685
4.909033328294754
12.946891784667969
10.218358784914017
14.727221429347992
8.042263984680176
16.838552057743073
16.049769520759583
12.052515894174576
11.978613585233688
12.8083735704422
9.054093807935715
12.983167171478271
10.440117865800858
17.70288646221161
3.6663729697465897
3.5954251885414124
12.117760628461838
6.962088495492935
5.48233836889267
4.156320169568062
2.313239686191082
2.9085857793688774
5.786830186843872
9.62495282292366
15.221422910690308
15.054665505886078
3.0892357230186462
7.752513885498047
7.7148206532001495
13.073015213012695
17.594152688980103
16.912686824798584
12.024243921041489
5.314647778868675
12.452349811792374
7.561338692903519
13.423310220241547
9.98620092868805
9.828412532806396
7.313606888055801
11.790814995765686
9.702733159065247
11.94240152835846
13.297727704048157
11.37034147977829
8.304587006568909
14.972558617591858
10.926208645105362
11.979810148477554
13.08661699295044
13.14612329006195
8.46727341413498
14.053268730640411
10.712318867444992
5.865918844938278
7.10880309343338
6.431449204683304
4.414303973317146
10.037605464458466
14.250484108924866
9.292913228273392
8.87036994099617
10.158596932888031
17.422573268413544
10.195665806531906
12.323309481143951
17.553281784057617
13.56191486120224
9.930282086133957
12.150219082832336
13.805879652500153
5.185029283165932
12.877215445041656
9.462325274944305
10.647934675216675
9.244943410158157
6.836159527301788
10.502514243125916
3.2327942550182343
6.13805279135704
11.621342599391937
12.041057646274567
12.831206619739532
0.6766745820641518
14.57795798778534
9.488005191087723
11.60522997379303
11.866256594657898
7.892537862062454
4.284172132611275
8.849190175533295
10.61955988407135
10.107836872339249
11.167006939649582
11.981485038995743
7.555466890335083
10.086686164140701
8.837077766656876
6.2234509736299515
12.563341856002808
13.966338336467743
10.25780588388443
15.377108752727509
12.217754870653152
12.408269941806793
14.974886178970337
10.982166975736618
15.978391468524933
12.911975383758545
14.982870221138
11.093354970216751
8.801553398370743
11.563316732645035
10.705818235874176
11.343006789684296
13.849449157714844
16.1976620554924
12.727172672748566
8.444341272115707
11.986564844846725
15.20562469959259
15.186569094657898
8.462391048669815
9.085959941148758
7.5170934200286865
7.5479574501514435
10.124500095844269
6.991858780384064
19.890116155147552
6.544940173625946
17.42377281188965
11.66566014289856
6.26831129193306
11.47436872124672
8.61942321062088
7.0941731333732605
11.36852651834488
9.174104034900665
11.915913224220276
8.153314143419266
4.918563365936279
