5.797136202454567
3.6622781306505203
2.7928264811635017
2.3649632930755615
4.791782051324844
5.981307104229927
4.405645653605461
3.7784088402986526
2.1682975813746452
1.5596574172377586
2.3319005966186523
3.1534526497125626
2.6705916970968246
3.6100447177886963
1.9566548988223076
2.5298239663243294
4.6119581907987595
5.319593474268913
4.0670957416296005
8.12336951494217
4.9980685114860535
1.5916742384433746
2.7529601007699966
3.7857431918382645
3.013242222368717
8.611077070236206
3.7539079785346985
1.3693470507860184
2.4750273674726486
2.6558997109532356
2.631336823105812
2.3360710591077805
2.614663355052471
1.5328189358115196
2.5080814957618713
3.1547296792268753
3.193756937980652
3.9417877793312073
1.7769183963537216
2.0365091040730476
5.958794429898262
1.4709138311445713
2.3208707571029663
2.8078334406018257
0.8092346601188183
2.4663522839546204
2.2076833993196487
2.9751142486929893
2.441563829779625
2.8418894857168198
4.071709141135216
3.8054265081882477
1.4761149883270264
5.915791168808937
3.058217279613018
2.067570388317108
4.940439015626907
1.8653443083167076
1.4575351029634476
2.575889229774475
2.2355131804943085
2.9241470620036125
3.723769634962082
19.5171058177948
6.446157395839691
3.444777801632881
4.307981580495834
2.9102053493261337
2.404370903968811
2.059665508568287
3.6419302225112915
2.7322810143232346
6.725197285413742
5.616121739149094
4.7806814312934875
4.450757801532745
5.864430591464043
6.151372566819191
5.454696714878082
4.7638095915317535
1.8444573506712914
3.7561900913715363
3.013729490339756
2.103724889457226
3.805658221244812
5.658050253987312
2.9837047681212425
1.5411369502544403
4.217066243290901
4.563605412840843
3.1375333666801453
2.978258766233921
1.5836358070373535
4.909475147724152
9.237474203109741
3.2811682671308517
2.883116714656353
4.939526692032814
1.9026191905140877
1.336519606411457
3.4561406821012497
3.4662973135709763
2.9528655111789703
3.2541602849960327
1.7446359619498253
2.3661209270358086
1.941971480846405
4.423313215374947
8.93433690071106
6.144017353653908
1.475214958190918
3.652612119913101
6.692325323820114
6.2049224972724915
6.717637926340103
7.430248707532883
3.7248987704515457
4.041228070855141
5.9128157794475555
3.8422830402851105
3.09523344039917
7.916818559169769
3.606928512454033
1.4825941994786263
4.405136406421661
5.461426824331284
5.342255532741547
5.623647943139076
4.344058036804199
4.7432344406843185
5.686498433351517
4.195670410990715
6.599457561969757
8.996502310037613
3.7073180079460144
5.43571263551712
3.84940505027771
4.627731069922447
3.4230761229991913
3.1088359653949738
2.582143060863018
2.6362957432866096
6.020534038543701
3.8912340998649597
5.084146186709404
5.235505104064941
3.4948114305734634
3.9788126945495605
3.5635802894830704
6.626085937023163
5.086975544691086
4.838605225086212
2.798439934849739
5.062507838010788
6.80905282497406
5.99563792347908
4.528691619634628
6.365486234426498
9.308851510286331
4.545252025127411
5.923784896731377
5.023523047566414
2.9306210577487946
4.733894020318985
3.455205261707306
3.171733394265175
4.4035643339157104
2.1285461261868477
2.3730775341391563
4.445537179708481
2.337557263672352
5.013137310743332
3.7797752767801285
5.324003100395203
5.498570948839188
6.266902387142181
3.085574135184288
2.40293201059103
2.4432113394141197
3.029928356409073
2.4993011727929115
4.277255013585091
3.3676039427518845
2.7433227747678757
3.1766362488269806
3.875075653195381
1.7636748030781746
2.3527001962065697
1.3682854361832142
5.574401840567589
8.62250104546547
3.361542522907257
6.497368961572647
5.830341205000877
2.1219635382294655
3.5266954451799393
10.499844700098038
6.83324858546257
2.527325041592121
2.5533344596624374
1.4148001559078693
0.6480728276073933
2.8076518326997757
4.177037999033928
2.260632999241352
1.852709800004959
0.9175539948046207
1.1031568050384521
0.9443975053727627
7.311506569385529
3.0261075124144554
1.874876208603382
0.5021366756409407
0.8326833136379719
2.7992771938443184
4.269735887646675
2.0799722522497177
3.360147774219513
0.7630495820194483
1.0412570089101791
0.6284525617957115
1.622021570801735
4.003117233514786
1.6881372779607773
2.1030955016613007
1.9143946468830109
1.26226507127285
2.249699831008911
2.5375159457325935
1.5562091022729874
1.9412003457546234
2.034975402057171
4.853954166173935
3.659834712743759
3.359123319387436
2.2632554173469543
1.2070981785655022
1.866920106112957
1.5771051868796349
1.2039948254823685
7.480918616056442
3.4799065440893173
0.8763902820646763
2.936280705034733
1.1202946305274963
2.682868018746376
2.403032034635544
1.9038587808609009
2.0992571488022804
0.8793951943516731
2.66922228038311
2.1278057247400284
4.858570545911789
2.979355677962303
2.63944324105978
1.7090100795030594
1.2489218264818192
2.9194720089435577
1.98574997484684
1.4093711040914059
1.9606398418545723
1.4657274819910526
6.059823557734489
9.200567752122879
2.1771585568785667
0.6919498089700937
1.1859060265123844
2.1755777299404144
1.2066930532455444
2.604675106704235
5.999470502138138
2.526717633008957
1.1765574105083942
3.7053432315587997
1.588793471455574
3.995555266737938
4.086807370185852
2.177347056567669
3.4597255289554596
2.3224256932735443
4.844997078180313
6.1208900064229965
3.342031314969063
3.7239961326122284
10.814351588487625
3.4335605800151825
3.866811841726303
6.31716251373291
3.469378873705864
3.1155211851000786
0.7910446263849735
2.3064665496349335
7.910627126693726
2.398248389363289
4.044456034898758
3.832797333598137
6.070861965417862
1.3093126937747002
2.8573881834745407
1.8676100298762321
2.8182297945022583
1.820567063987255
2.3896608501672745
1.9712699577212334
3.5249337553977966
4.372448101639748
3.5152673721313477
2.3728307336568832
2.5815868750214577
1.6242194920778275
3.0182961374521255
2.018412947654724
0.27008913457393646
0.9534820914268494
2.0986920222640038
2.69108172506094
1.4934087172150612
2.341187372803688
2.714170329272747
4.193916171789169
2.4740558117628098
2.184249833226204
2.200496941804886
4.08390648663044
3.472970798611641
6.49939551949501
1.6690824180841446
1.1246058158576488
1.7520811408758163
2.093266136944294
1.5099015086889267
4.173252731561661
4.943890869617462
1.3271921314299107
2.7411339804530144
2.681046910583973
2.4960851296782494
3.11566349118948
1.1217785999178886
0.5820965394377708
2.322271838784218
3.7461765110492706
3.596554696559906
9.623685479164124
2.312146872282028
1.8306886777281761
3.1226618215441704
4.754629358649254
2.0075971260666847
2.577379159629345
1.479538157582283
3.6708734929561615
3.2460764050483704
5.9183090925216675
2.1597331389784813
4.120689257979393
2.5186168029904366
1.5049466863274574
4.594974592328072
2.839169092476368
1.844755932688713
4.182692244648933
2.764314040541649
2.600134164094925
1.974923349916935
2.118598110973835
2.5145944207906723
2.7583446353673935
3.32624651491642
3.1961284577846527
2.176990360021591
3.825768828392029
3.9268087595701218
2.544228918850422
0.8707162924110889
1.6565820202231407
2.5698475539684296
1.911141723394394
3.257199749350548
2.7075566351413727
1.4056971296668053
3.1645335257053375
1.3530706986784935
2.681717649102211
1.3400393538177013
1.7393818125128746
4.853439703583717
1.9568145275115967
5.611484125256538
2.0074324682354927
5.207441002130508
0.7481631357222795
1.8532881513237953
2.3427287116646767
3.6310922354459763
5.408180877566338
2.6756374165415764
1.0018502362072468
1.5553762204945087
0.9354837238788605
3.9898447692394257
5.6592777371406555
4.48133647441864
2.535680867731571
1.3773574493825436
1.3460366986691952
0.8604521863162518
1.39631824567914
1.9722560420632362
1.570114865899086
0.6867643911391497
0.8701950311660767
2.199152857065201
4.045242071151733
1.4096018858253956
1.6335904598236084
0.8474643342196941
1.8412347882986069
5.8342378586530685
2.9122723266482353
4.259919375181198
0.38717619609087706
1.9676074385643005
1.0995974764227867
3.2131459563970566
2.156434766948223
2.4079080671072006
2.3750362917780876
0.36746941041201353
0.7514239754527807
4.237053170800209
2.525598555803299
5.030512809753418
3.1526848673820496
4.740944504737854
1.537760253995657
5.602582171559334
5.014424026012421
5.875767022371292
0.84785595536232
1.5051390044391155
3.520261123776436
3.4168776124715805
3.362428769469261
5.11096827685833
3.157550096511841
4.652489721775055
2.030923031270504
5.4313380271196365
8.122316747903824
1.2333736754953861
1.6260677948594093
1.9752077758312225
1.6770262271165848
1.9274983555078506
6.0807038098573685
4.164829850196838
3.4605227410793304
3.437548503279686
5.0269972532987595
1.870240643620491
2.1271618083119392
2.1729176864027977
2.223037928342819
2.145683765411377
5.276857689023018
3.649511933326721
4.336421564221382
3.6842703819274902
1.2164978310465813
1.8397895619273186
1.2798838317394257
1.7310213297605515
0.5179428495466709
1.745789684355259
3.807327151298523
2.307059057056904
3.7754349410533905
3.1038012355566025
3.44061441719532
4.571470245718956
2.1551283076405525
1.6117164865136147
1.6727620735764503
3.09248436242342
1.9972007721662521
3.1600750982761383
3.373769298195839
2.5583745911717415
0.8544802665710449
2.9831403866410255
4.151993244886398
4.766267538070679
4.8180680721998215
1.5098934061825275
2.7350883930921555
1.4857078902423382
0.5825410597026348
4.003391787409782
0.9826147928833961
2.4902675300836563
5.148253962397575
2.741541713476181
3.424184024333954
1.775852032005787
2.400008402764797
1.291179284453392
9.89009290933609
3.699955716729164
5.162342265248299
1.4935463666915894
3.7681113928556442
7.797061651945114
3.089955821633339
3.7383075803518295
3.3855386078357697
5.688874423503876
3.8016900420188904
4.010939598083496
1.4444440603256226
3.334040939807892
6.390877813100815
3.8703981786966324
5.796155333518982
3.827936574816704
2.801543101668358
5.760613828897476
2.826657146215439
2.4607883766293526
1.9067997112870216
4.4687628746032715
2.6307685300707817
2.657938376069069
3.120269812643528
4.804951697587967
2.404150925576687
6.9491371512413025
5.496559664607048
1.837453804910183
1.9607866182923317
3.736259415745735
4.122758656740189
7.739733904600143
4.472360014915466
3.1563635915517807
6.0545191168785095
5.511864647269249
6.069179251790047
1.5356686897575855
11.166929453611374
7.644440233707428
3.771045058965683
10.311956703662872
6.6731274127960205
1.705799251794815
7.337081432342529
7.821512222290039
8.838862925767899
5.057567730545998
1.405367348343134
2.772965282201767
2.5263823568820953
3.9519108831882477
3.1013289466500282
4.237114265561104
1.6445638611912727
6.480836868286133
1.9071385264396667
5.026250332593918
3.6268774420022964
3.921903669834137
2.6028556749224663
4.8562221229076385
6.174711510539055
5.926934629678726
3.476051241159439
4.818251356482506
4.145259782671928
2.4500280618667603
3.2798610627651215
4.857446625828743
3.1545542180538177
3.8694456219673157
6.696687638759613
2.726282738149166
2.962048538029194
1.5327648259699345
4.489108547568321
4.231365397572517
2.972470410168171
2.679075486958027
5.294730141758919
3.6293569952249527
1.926768384873867
4.246070235967636
2.7298128232359886
1.6788311302661896
1.762632466852665
4.7193024307489395
7.662152498960495
4.089701548218727
2.546536922454834
1.4207800850272179
0.8738227188587189
0.5232671275734901
3.385983034968376
4.942938685417175
1.547762006521225
2.396216243505478
1.8944568932056427
0.6097953300923109
0.6585418712347746
3.3100366592407227
7.422291487455368
1.9008401781320572
2.4293826892971992
1.555472519248724
3.264835476875305
3.0990038067102432
2.187798172235489
2.3652011528611183
2.894211746752262
2.340588718652725
2.7563657611608505
2.2479185834527016
3.047855943441391
3.025355748832226
1.794326864182949
2.8759026899933815
2.0227383822202682
3.0752208083868027
2.6549633592367172
1.9549092277884483
0.9867409244179726
3.728799894452095
4.630286991596222
6.346285343170166
3.4961216151714325
3.9193209260702133
1.4583302661776543
3.0203331261873245
1.9203398376703262
1.8047165125608444
2.5720348581671715
1.0120720602571964
1.5277846716344357
6.080866605043411
3.340400755405426
1.8429281190037727
2.129487320780754
1.535633485764265
2.6043815538287163
3.1669512391090393
1.9944638013839722
1.670554280281067
1.1678329668939114
1.3180415146052837
4.964674264192581
2.5742368772625923
1.773783192038536
2.0639242604374886
1.9889993593096733
2.4587351828813553
7.305915653705597
2.8008224442601204
2.861960791051388
1.803910732269287
3.453095257282257
3.149418532848358
5.782388150691986
1.4282133430242538
4.215196520090103
1.9900843501091003
3.2658349722623825
1.955575868487358
4.388723149895668
2.578711323440075
2.6375144720077515
3.641226515173912
2.0553939044475555
4.060748592019081
4.280008748173714
1.9612494856119156
0.8691783063113689
1.5324790962040424
1.5816619619727135
2.1185139194130898
3.029933385550976
1.3431375846266747
2.778075262904167
0.9132113307714462
1.72402523458004
2.3037809878587723
5.244678258895874
5.454101040959358
2.1690288558602333
4.4807374477386475
3.6488670855760574
6.8197742104530334
2.2659098729491234
3.0227718874812126
3.560378775000572
1.4427890069782734
2.7345439419150352
3.2327134162187576
1.5522956848144531
1.1714556254446507
0.6721739657223225
1.2704459950327873
3.3136624842882156
0.8699948899447918
4.563559219241142
2.134883403778076
1.5460852533578873
1.1204719543457031
2.0127929747104645
1.3515492901206017
1.8021134659647942
2.2247441112995148
4.75616492331028
2.846919186413288
4.914969950914383
6.391126662492752
1.5749119222164154
1.645965315401554
2.8887124732136726
2.0011546090245247
5.939308553934097
3.1969305127859116
5.28053417801857
4.614102467894554
2.0797286182641983
4.640473052859306
2.670278400182724
3.1884323805570602
4.504670202732086
6.309182941913605
7.31583759188652
2.52219270914793
4.96598444879055
3.045407682657242
2.6008374989032745
1.8308497965335846
3.2893408089876175
4.388990998268127
6.142370030283928
3.532111644744873
2.4519139900803566
1.9755104556679726
2.876858599483967
3.9921730756759644
2.991812117397785
4.379723593592644
3.046535886824131
3.728782758116722
3.65576334297657
3.4126728773117065
2.9861556366086006
2.6700109243392944
5.823292210698128
3.041159361600876
1.2804693542420864
1.7996566370129585
5.757102742791176
8.612736314535141
2.9708929359912872
2.1706227213144302
1.652156375348568
3.9257992058992386
3.1622089445590973
6.064656004309654
2.896706573665142
2.9162151739001274
5.808338150382042
3.7201154977083206
9.93146300315857
1.8327616155147552
4.547366872429848
3.611202910542488
9.568967670202255
5.7075440883636475
2.436291426420212
3.4871309995651245
3.414938598871231
4.801730439066887
3.6158759146928787
4.927458241581917
3.627500683069229
3.5215821117162704
4.333760589361191
4.521993175148964
4.565121978521347
2.286645583808422
4.461918398737907
2.323310263454914
3.368069604039192
1.8275951966643333
1.757846400141716
3.573800250887871
1.2372666969895363
2.064213529229164
6.844077259302139
6.207295507192612
7.187774032354355
3.1554099172353745
5.288722738623619
3.638354316353798
2.413380704820156
2.141033299267292
6.174599006772041
4.055246338248253
6.211325898766518
3.337722271680832
4.596633091568947
4.689676687121391
2.5258809328079224
1.592962071299553
5.996834859251976
2.817125990986824
3.9507970213890076
8.069029450416565
2.900354377925396
4.7318559139966965
4.930136352777481
7.619119435548782
3.7753604352474213
2.495625428855419
2.26341150701046
4.590554907917976
3.743906691670418
2.5291534140706062
2.3448172956705093
4.476848617196083
3.130907565355301
3.7759263068437576
4.568566009402275
2.094934694468975
6.117527186870575
4.80341911315918
3.665770962834358
4.387059807777405
6.944913417100906
4.491744190454483
7.375858724117279
7.5116269290447235
1.5267707407474518
2.006595768034458
1.6114098951220512
1.6449062153697014
4.2527202516794205
1.9673634320497513
8.393441140651703
4.911255091428757
8.111566305160522
5.519947782158852
7.113701105117798
2.6636043563485146
4.428974911570549
3.0093396082520485
5.41083924472332
2.3167433217167854
2.230510301887989
2.5431042537093163
3.037376329302788
3.2612591981887817
5.262786895036697
5.0831638276577
2.367113158106804
5.6062523275613785
5.089570954442024
4.49715256690979
3.838099166750908
9.430216997861862
4.813229292631149
4.8493824899196625
3.3205099403858185
1.759408414363861
2.7803409844636917
2.7634570375084877
1.8055316060781479
3.216511756181717
2.12276354432106
1.9503051415085793
2.239086851477623
3.20158489048481
5.253372713923454
5.640930682420731
2.087532728910446
4.434866830706596
4.08531166613102
3.7433646619319916
2.6673216372728348
2.723514661192894
4.970315471291542
6.0289982706308365
3.8202866911888123
2.387714199721813
5.094865709543228
3.741828352212906
3.3141784369945526
3.699374571442604
4.63155135512352
4.142399877309799
3.967117518186569
3.6478959023952484
4.097571223974228
2.0975353196263313
3.21621336042881
4.321704059839249
4.224134236574173
5.178651213645935
0.8460430428385735
3.8420915603637695
5.963575467467308
7.502523064613342
5.2729781717062
4.481513798236847
2.855818346142769
1.435878872871399
6.6115424036979675
4.715215787291527
3.7838682532310486
3.7435930222272873
3.2441504299640656
1.4397657476365566
3.5445041954517365
3.177957609295845
4.299620911478996
4.541453346610069
2.9260456562042236
3.3794552087783813
1.8775012344121933
2.9509348794817924
4.73172590136528
3.6261804401874542
2.5670915842056274
1.7555708065629005
7.037734240293503
16.589051485061646
5.9538498520851135
7.723764330148697
0.5479240324348211
0.8462067693471909
1.0270663537085056
4.507638514041901
6.288733333349228
2.770226076245308
3.5042613744735718
0.6164772901684046
2.3652199655771255
2.856706641614437
3.365681692957878
6.390783935785294
1.562669314444065
1.3229524716734886
2.34144926071167
2.9534712433815002
5.532056838274002
3.3967040479183197
5.2737899124622345
5.127846449613571
2.7990926057100296
7.734104245901108
3.621469810605049
3.955822065472603
4.638826102018356
3.9750833064317703
1.5754401683807373
4.60125096142292
4.147234559059143
5.612276494503021
4.285319149494171
3.6260969936847687
1.7207270488142967
4.665873944759369
10.205306112766266
1.5556032769382
2.2149398922920227
1.1273391544818878
3.43276783823967
8.965947479009628
6.181714683771133
7.990502566099167
2.6688141748309135
5.6593675166368484
5.336339026689529
4.188923537731171
4.472928866744041
3.4313704818487167
3.354204073548317
0.8835508488118649
2.8828829526901245
2.2802289575338364
1.4790527522563934
7.699394226074219
0.5451601929962635
1.97548009455204
2.5883134454488754
2.538197673857212
4.5891303569078445
2.8953617438673973
2.1105144172906876
1.87067911028862
1.7191952094435692
5.139243975281715
1.715974323451519
1.3551972806453705
0.9005481377243996
2.1560925990343094
3.089229203760624
3.1844496726989746
3.9333563297986984
3.0995070934295654
5.734027549624443
4.735451191663742
6.68644905090332
7.526789605617523
2.2642290219664574
4.920413717627525
3.7190522998571396
0.9555995464324951
4.625404626131058
2.6160502806305885
2.9139677062630653
2.2900817915797234
2.2861063480377197
0.9477016516029835
2.673666924238205
5.5439576506614685
2.032109349966049
3.8707759231328964
1.559546310454607
1.0015958920121193
2.2257504984736443
3.7689562886953354
2.6468902826309204
2.682083658874035
4.077759757637978
1.9600676372647285
2.1310562267899513
3.070761077105999
5.043860524892807
2.9092421755194664
2.695699594914913
3.66518534719944
1.7347101122140884
2.4560173973441124
4.016092047095299
2.685233950614929
1.6011346131563187
2.2357404232025146
1.1062884703278542
5.0620585680007935
6.5504565834999084
2.2955870255827904
3.3065196126699448
5.199659615755081
2.2074859589338303
3.825879842042923
3.872936964035034
5.869524925947189
5.805347487330437
6.380664557218552
1.0190012864768505
5.0018660724163055
4.449157044291496
12.776094675064087
5.028668791055679
7.17015415430069
26.598992943763733
3.4849684685468674
2.308216691017151
1.3665255159139633
2.2069748491048813
2.3444397374987602
2.699044905602932
3.3570919185876846
3.4116368740797043
7.523781061172485
0.9445590898394585
2.3514781147241592
1.0688601061701775
3.055039420723915
0.7563886232674122
1.8964877352118492
0.606610206887126
2.682838588953018
3.799070417881012
2.0310763269662857
