2.381884679198265
1.982627995312214
2.4064192548394203
2.0371045917272568
1.8976695835590363
2.0738350227475166
2.0437611266970634
3.6445114761590958
1.8745604902505875
2.575024589896202
1.6131451353430748
1.1663790792226791
3.1645234674215317
2.3495854809880257
1.440343540161848
0.8869198150932789
0.7388455327600241
5.4909829050302505
2.918100357055664
1.6199806705117226
0.7111297454684973
1.9514672458171844
3.5922713577747345
5.808527395129204
1.1822269298136234
1.4984813518822193
0.8031727746129036
2.905959263443947
3.978569433093071
3.845318779349327
2.295418456196785
1.9275333732366562
1.7797596752643585
1.6214121133089066
4.581074416637421
2.1305732429027557
1.60454623401165
1.5823598951101303
0.8467246778309345
1.0237546637654305
0.672944774851203
0.8725713938474655
1.9243616610765457
1.5138352289795876
1.4605103991925716
2.2397462278604507
1.106351800262928
0.7949520833790302
1.8092557787895203
1.0433443821966648
0.7774260826408863
0.8633086457848549
2.009487524628639
2.904171124100685
3.3420681953430176
1.5904393047094345
0.8970679715275764
1.0827895253896713
0.8388950489461422
1.135970838367939
6.0866497457027435
1.3643791899085045
1.6154889017343521
3.303789719939232
0.9056728333234787
2.4971919134259224
1.270169485360384
2.6169216260313988
0.30691351275891066
2.3891787976026535
2.2629303857684135
2.826964296400547
1.0400313884019852
2.217494510114193
3.4702904522418976
2.1486032754182816
2.0967720076441765
1.7395412549376488
1.2102754786610603
1.2523149140179157
2.4122990667819977
0.8082283660769463
0.6895857397466898
1.4717829413712025
1.0223145596683025
1.3615628704428673
7.449221611022949
4.88283596932888
2.266242355108261
0.8947971276938915
0.37401882000267506
2.1843327209353447
0.5411144811660051
0.927208736538887
22.739997506141663
2.1137740463018417
3.537210077047348
3.5231441259384155
1.7203321680426598
1.165636070072651
1.0289969854056835
3.636709973216057
0.9238891303539276
2.3598285391926765
1.0203756392002106
2.0590174943208694
2.212928608059883
1.489919051527977
0.5437116604298353
0.22589603904634714
0.8383344858884811
0.8146281354129314
2.9240338131785393
1.2523924931883812
3.2032232731580734
1.9733872264623642
3.7786848843097687
2.827143482863903
1.9584253430366516
3.530414402484894
0.9468863718211651
4.24029603600502
3.722372278571129
2.080991119146347
1.574399508535862
5.281407758593559
0.6819928530603647
0.9043966419994831
0.8316171355545521
0.42454060167074203
2.7129365131258965
0.6507590878754854
0.9832732379436493
1.3705776073038578
2.29807086288929
3.094050846993923
2.3907192051410675
5.795801430940628
1.2357973493635654
1.661963015794754
1.8590398132801056
2.16265469789505
2.4549487978219986
3.318409249186516
2.8579508885741234
1.4088022522628307
1.2239850126206875
3.7662357091903687
2.2948311641812325
4.8198167234659195
1.1923219077289104
1.1188195087015629
2.2565415129065514
1.163336168974638
1.0789703577756882
1.6062099486589432
5.45756109058857
6.103283911943436
1.6569335013628006
0.7078503724187613
4.253105074167252
1.8980829045176506
0.4741374868899584
0.5099079106003046
1.194328535348177
1.7817210406064987
0.8098169229924679
4.325876384973526
1.3319949619472027
1.791660115122795
3.572371229529381
2.4451903998851776
5.145028606057167
2.332511357963085
3.289341926574707
3.1096704304218292
3.7176407873630524
0.6461688783019781
0.9329573251307011
1.8496599048376083
3.2616112381219864
2.021440491080284
1.6802363097667694
0.7542280480265617
1.9022244960069656
0.889679417014122
1.4164136722683907
1.390876155346632
0.5641646217554808
1.2510652653872967
0.5124668590724468
0.12176546733826399
1.2308106757700443
0.3874359419569373
1.2133654206991196
2.7324752882122993
0.35880361683666706
0.720013864338398
0.8578960783779621
2.16814037412405
0.33338158391416073
2.9083944857120514
2.1750815212726593
1.2621548026800156
1.0530809871852398
2.325819991528988
5.438138544559479
0.22786676418036222
0.3707644296810031
0.7461848668754101
1.10883554443717
0.8041736669838428
1.7786875367164612
1.694963313639164
2.244509756565094
1.9091630354523659
1.8338220193982124
1.435071974992752
2.937242016196251
1.6279593110084534
1.1191029101610184
1.4383014291524887
1.0125374421477318
1.1421910487115383
2.7453862130641937
2.7767054736614227
1.7980800941586494
1.8438424915075302
1.7042238265275955
2.584039978682995
5.329416319727898
3.2476428896188736
2.3664966225624084
0.9793641045689583
1.8718397244811058
1.3200359418988228
1.857813075184822
2.139314077794552
3.407905623316765
1.2552818283438683
1.6405923292040825
1.301955059170723
2.92570348829031
2.2441117092967033
2.114388905465603
5.761657282710075
2.8208158910274506
2.138606831431389
4.033416882157326
3.801264613866806
1.644507609307766
0.2747817197814584
1.002783328294754
2.5398796424269676
3.93725149333477
3.183552250266075
1.6027545556426048
3.3842694014310837
3.105696476995945
2.3754140362143517
2.3089397698640823
2.7819428592920303
4.225459322333336
2.3996617645025253
2.340894937515259
3.1099947169423103
3.8772396743297577
3.8196787238121033
2.0176582038402557
3.9627287536859512
2.361837401986122
2.788071148097515
2.6407571509480476
3.303968533873558
3.6362361162900925
1.7596516758203506
1.8771817907691002
2.1303700283169746
2.5955377146601677
2.6647958904504776
3.0839279294013977
3.578805550932884
3.1455371528863907
2.823249436914921
3.6591235548257828
3.553805872797966
3.3717986196279526
1.7712872475385666
0.778152234852314
1.2449400499463081
2.8603067621588707
2.1312469616532326
4.64288629591465
3.2631687819957733
3.0439313501119614
0.3479821840301156
2.144208550453186
2.8940794989466667
3.6803945899009705
1.7419425770640373
1.314693596214056
1.8339106813073158
0.4782852716743946
2.0012682303786278
1.766112819314003
0.9606811217963696
0.6410052999854088
1.65015310049057
1.0814073495566845
1.5893502160906792
1.6578732058405876
0.9032508358359337
0.5952892359346151
2.0710233598947525
0.8811912499368191
3.324420005083084
0.7845738902688026
0.959261879324913
1.5676410868763924
0.6765721831470728
0.5815938580781221
0.805309321731329
2.121998928487301
1.2031788937747478
4.614778980612755
3.2707560807466507
2.217395417392254
2.2397058084607124
4.201347753405571
2.9755068942904472
1.6144156455993652
2.7911340817809105
1.4430542476475239
2.012362703680992
3.6786649376153946
0.8727425709366798
1.623789221048355
0.7095162756741047
1.6885658726096153
2.028338983654976
2.93920561671257
1.7164470627903938
1.2921572662889957
2.412918023765087
2.2032495588064194
2.470511756837368
1.2668568640947342
2.1655328571796417
5.341311916708946
2.1736152470111847
3.7569403648376465
2.7824996039271355
2.484363317489624
1.6700483858585358
2.0605623722076416
1.9330693408846855
1.1084177531301975
2.3909248411655426
2.4796172976493835
2.913067862391472
1.4826149679720402
1.977836899459362
1.1753717437386513
0.6705060135573149
0.3823867067694664
0.5020083859562874
0.392336118966341
0.7605026941746473
1.054928358644247
2.6007236912846565
2.023559994995594
3.350246325135231
2.8455741703510284
1.0297643952071667
1.9896816462278366
0.6762431468814611
1.1048843152821064
1.0152674280107021
2.423449791967869
2.353384345769882
1.6830680891871452
1.921246387064457
2.4589721113443375
2.749709039926529
0.7202216424047947
0.8830404840409756
2.0823106169700623
2.1711882203817368
1.1559519916772842
1.7467476427555084
0.46584829688072205
2.80703604221344
5.104651302099228
1.1623995378613472
1.0714955627918243
1.5937039628624916
1.3652094639837742
2.7227668091654778
5.49243651330471
2.4871541187167168
2.328149974346161
2.979980781674385
0.806173775345087
6.90004900097847
2.172919176518917
1.2169837020337582
1.4941909350454807
2.184063382446766
4.031977429986
1.993795856833458
0.3927576821297407
0.17377262702211738
2.462765760719776
3.044418618083
0.8703004568815231
1.7570985481142998
1.2139997445046902
1.9192473962903023
1.140300091356039
1.0096339508891106
1.6097933053970337
0.7500782608985901
0.8841196075081825
0.9721388109028339
3.3132262527942657
2.011241763830185
1.8192404881119728
2.0003121346235275
1.0748066939413548
1.7605595290660858
2.1828673779964447
2.8268903493881226
3.0457722023129463
1.910681463778019
1.4692188240587711
1.1874309740960598
2.86822821944952
2.705126814544201
1.0830501094460487
4.515799134969711
1.7013322561979294
1.8394121900200844
1.8085841089487076
3.2381225377321243
2.0593715831637383
2.459827810525894
2.8736572712659836
4.115508124232292
1.9672542810440063
3.9209935814142227
1.0974827222526073
1.0457013733685017
1.1168246157467365
0.9268275462090969
1.2060226872563362
1.380872167646885
0.630786782130599
2.4609146639704704
2.2819167003035545
2.451760321855545
2.2293664515018463
0.9370801039040089
6.081425026059151
1.8937431275844574
1.2039495632052422
1.8996285274624825
2.860925905406475
4.158902540802956
1.7558854073286057
1.3584365136921406
0.7018604315817356
3.2724838703870773
1.9216274842619896
1.5448409132659435
2.5422081351280212
1.5635915100574493
6.942969560623169
1.9724411889910698
2.1392617374658585
0.9068991988897324
5.616900697350502
3.092847019433975
3.8243725895881653
1.9509099423885345
1.2919533997774124
2.4042095988988876
3.0907204374670982
2.510744147002697
5.75004406273365
1.2990989722311497
1.6820920631289482
1.634243130683899
1.209494937211275
1.8401255831122398
2.601517364382744
2.176176942884922
2.207588590681553
1.3912591151893139
0.36250713746994734
5.054248124361038
1.2770486064255238
1.3174031861126423
2.9058456420898438
0.9901908226311207
0.6067728158086538
1.5370601788163185
1.2529795989394188
0.2599812112748623
2.0167548209428787
2.280641533434391
1.3553246855735779
1.3766171410679817
0.3106629941612482
0.4634768236428499
3.3071428537368774
2.379066124558449
0.9932227432727814
0.9163857437670231
5.697311460971832
2.328016981482506
1.307384017854929
1.0966290719807148
3.225957229733467
1.1825845576822758
1.620025746524334
1.767772063612938
1.7523882910609245
0.8906438015401363
1.8874412402510643
1.261755358427763
0.4446177277714014
3.534414991736412
2.9616618528962135
3.094087354838848
0.6561892107129097
5.151340365409851
2.21285093575716
0.6234311033040285
2.8021102771162987
0.8340666070580482
3.180958703160286
4.3791502714157104
2.4189867079257965
1.7426613718271255
1.819588989019394
2.7414776384830475
2.0975910127162933
1.4395000413060188
1.4410145580768585
1.417507790029049
3.673471510410309
4.024459794163704
1.7186200246214867
0.3102400340139866
3.5290922969579697
3.9722926914691925
1.0495625436306
0.4212005529552698
2.223401516675949
1.9249707460403442
2.3963667452335358
1.7241479828953743
5.971057713031769
2.491394244134426
2.0860515534877777
2.1155400201678276
1.368897594511509
2.486485242843628
2.257474698126316
1.1934323236346245
0.6721505895256996
3.7925943732261658
2.786826156079769
1.9816065207123756
1.231284998357296
1.3602709397673607
0.5010694265365601
2.2458327934145927
1.905079185962677
1.9422883167862892
3.121381253004074
0.9950201027095318
3.6581728607416153
4.076971113681793
2.236090786755085
1.4807024039328098
2.097419649362564
1.9825853407382965
2.9139678925275803
3.1244661659002304
5.465959757566452
0.6386598106473684
1.5420625917613506
1.4205985702574253
1.1009528301656246
3.0670393258333206
0.9503944776952267
0.3066673409193754
0.7214101031422615
3.9322003722190857
1.2449017725884914
1.7134275287389755
2.16214582324028
1.655702292919159
0.6283516995608807
0.8383577689528465
2.571723982691765
2.827438712120056
0.7877702824771404
1.24966474249959
1.73712819814682
0.394665589556098
0.1943478942848742
1.022350788116455
1.7451724037528038
2.797652594745159
1.650712639093399
1.1895856820046902
3.4065313637256622
1.1873194016516209
5.846559256315231
1.3829588890075684
0.7327644154429436
1.720891147851944
1.159314252436161
0.5471378099173307
3.425615280866623
0.7570956367999315
1.5174289233982563
1.2836579233407974
0.48766680993139744
4.55617755651474
0.6119001191109419
0.8297041058540344
0.9636014699935913
3.2464649528265
1.010512188076973
1.7392253503203392
2.8666390106081963
3.226761147379875
2.387337386608124
0.7018205709755421
2.0143063738942146
2.30556707829237
1.1819977313280106
1.1089400388300419
1.8775299191474915
0.5466097500175238
1.3364807702600956
2.013411372900009
5.300552397966385
2.049739845097065
0.38034392055124044
0.4225292708724737
2.2651273757219315
1.799640990793705
1.1829481460154057
3.871537744998932
7.950543612241745
2.6680802926421165
0.45670391991734505
0.7741107605397701
1.1257588863372803
2.0421717315912247
1.1149327270686626
1.0934210382401943
0.4672826733440161
1.74980778247118
0.9019001387059689
1.1303052306175232
2.860707975924015
1.513179950416088
2.1714013069868088
1.5231908299028873
1.494915410876274
0.8241865783929825
1.6659565269947052
1.8832242116332054
1.0119791142642498
2.6040269061923027
10.170722752809525
1.2835696339607239
4.575975611805916
2.268759161233902
2.0767752081155777
1.0139514692127705
1.8476510420441628
3.3030208200216293
5.644206702709198
0.5403056740760803
0.6255801767110825
0.9102913551032543
1.8204528838396072
0.8909015916287899
1.2066636234521866
0.8927221409976482
0.3015287220478058
