11.710038781166077
11.262398958206177
11.85944750905037
11.825278401374817
8.554436266422272
7.560405135154724
15.544173121452332
9.452122449874878
17.51512885093689
6.862441450357437
7.2516463696956635
6.999705731868744
5.514073744416237
6.490344554185867
13.230659067630768
8.99096205830574
12.750940024852753
9.488063305616379
11.03014200925827
9.643279761075974
10.209641605615616
11.480575799942017
9.41556692123413
13.931971788406372
6.0942284762859344
13.608147203922272
11.313261836767197
9.583765268325806
9.722139686346054
13.314743340015411
14.939938485622406
6.473497301340103
5.916342884302139
9.895539283752441
9.175651520490646
6.106282025575638
11.004688590765
11.801553517580032
16.19064509868622
16.5459081530571
12.618803977966309
30.761682987213135
13.003362715244293
8.548333495855331
7.666978985071182
11.823231726884842
9.24658551812172
8.026749640703201
8.905047923326492
10.314623266458511
5.053405091166496
6.363680213689804
10.48409640789032
5.140722915530205
4.022172465920448
6.093134358525276
13.805754482746124
11.021102964878082
5.457102507352829
6.621859222650528
7.616551220417023
12.28049099445343
14.158065617084503
7.399946451187134
5.104361474514008
5.866168811917305
6.366413086652756
7.916820049285889
13.314342498779297
9.684570133686066
12.127625942230225
13.783657550811768
13.210287690162659
11.440491676330566
21.527348458766937
9.757386147975922
7.099580764770508
11.899708956480026
9.2588871717453
6.965741515159607
6.734322011470795
11.489751189947128
12.960918247699738
3.920461982488632
6.94679319858551
4.371916875243187
10.331599414348602
6.626322865486145
11.782076954841614
10.006695240736008
11.969754844903946
6.770816445350647
7.5820960104465485
11.68929859995842
12.179217487573624
5.663180351257324
8.744850754737854
6.087619811296463
7.341216504573822
7.999657839536667
10.28362661600113
7.884198427200317
8.186786621809006
4.203638061881065
4.1183460503816605
10.30842438340187
6.549036502838135
10.333814471960068
8.780507743358612
13.167677819728851
14.543531835079193
6.639115512371063
6.068296730518341
13.91032189130783
6.1218950897455215
7.7017612755298615
7.656576484441757
12.0498888194561
10.303555428981781
6.287655979394913
8.870691806077957
8.744463324546814
10.99579930305481
6.299685686826706
8.776036649942398
13.401226699352264
10.202362388372421
8.115331083536148
7.609546929597855
11.015180498361588
7.9542942345142365
10.467392206192017
7.89802223443985
6.3876621425151825
11.625763773918152
9.224716573953629
11.63766235113144
13.329949975013733
7.904953509569168
11.007963120937347
9.899577498435974
9.381027519702911
14.806106686592102
8.150353282690048
10.342896729707718
7.319428026676178
4.902943968772888
7.109857350587845
12.143176794052124
10.046491026878357
12.60099709033966
11.03275939822197
11.417527496814728
9.271873533725739
11.279550194740295
10.30614823102951
10.10829582810402
7.480921596288681
12.633059918880463
7.102655619382858
10.76282113790512
13.237445056438446
5.81037662923336
7.804591208696365
12.47914433479309
7.662827521562576
13.916806876659393
10.741044580936432
7.158837467432022
7.300878316164017
10.85042804479599
9.438766539096832
8.055321127176285
15.572889149188995
12.07193061709404
13.306552171707153
6.801962107419968
8.823426067829132
6.323056668043137
9.244541823863983
9.717045724391937
15.139669179916382
10.272089391946793
12.498054653406143
10.076960921287537
8.050934225320816
13.842640817165375
10.281269997358322
12.34363168478012
8.266235142946243
14.363743364810944
8.447463065385818
7.515731453895569
6.157315149903297
4.7527264803647995
6.729880720376968
10.831397771835327
1.8723780289292336
4.189806431531906
9.977953881025314
10.98848432302475
10.103830695152283
11.394012719392776
8.91462117433548
2.350359223783016
4.12239171564579
8.05073082447052
13.554711639881134
11.383901536464691
11.609020829200745
9.20998603105545
6.241030991077423
4.370330646634102
4.302229359745979
5.464589223265648
7.348842173814774
9.210420399904251
10.68970412015915
11.167734116315842
8.543398976325989
5.764326825737953
7.198350131511688
9.197745472192764
8.426333963871002
9.013749659061432
5.570879206061363
10.579007118940353
11.659283190965652
8.71911495923996
7.845661789178848
5.143843963742256
1.7958495765924454
1.8659301102161407
3.6643333733081818
3.825673833489418
7.002021372318268
7.816437631845474
3.407369554042816
7.367675006389618
5.963772535324097
1.757930964231491
1.7217041924595833
5.908419564366341
10.674931108951569
2.7275731787085533
5.219826847314835
8.705364167690277
5.534959211945534
5.0846245139837265
2.011558413505554
6.802072376012802
5.926333740353584
8.709923923015594
4.0977053344249725
9.067988395690918
9.174354374408722
2.0927734673023224
1.547021884471178
11.646828055381775
8.553721755743027
3.6951351910829544
9.784168750047684
10.169555991888046
10.325993597507477
9.208837151527405
12.538489699363708
12.450488656759262
10.86779534816742
14.0632763504982
8.74951034784317
10.865309089422226
6.174692511558533
9.5607228577137
12.475982308387756
8.11062902212143
8.485837280750275
9.7327820956707
5.800606310367584
6.018815562129021
9.64013785123825
10.568644106388092
5.581660196185112
7.668309658765793
13.488368690013885
11.773429811000824
11.956389993429184
11.571398377418518
11.893530189990997
9.502802044153214
11.754470318555832
7.8536927700042725
7.460170239210129
8.262205868959427
7.577091455459595
10.876230895519257
10.543044656515121
8.953667432069778
5.535564944148064
4.7475069761276245
7.071513682603836
4.353316500782967
2.2177185863256454
6.346914917230606
10.675729811191559
3.464939445257187
3.51671539247036
2.6637986302375793
3.9073094725608826
7.50238224864006
10.649178177118301
7.134701311588287
4.583419114351273
5.458088591694832
13.669930398464203
12.957324087619781
9.926722943782806
14.14257287979126
12.094331532716751
14.605681598186493
10.09214073419571
18.4730663895607
9.864507615566254
8.791006356477737
4.596473276615143
1.4755744487047195
2.1886002272367477
6.391887366771698
8.691311627626419
2.8059303760528564
7.37949013710022
3.436897322535515
4.216469824314117
8.766517043113708
7.235563546419144
5.4847463965415955
8.137203752994537
9.430210292339325
8.2320436835289
9.696781635284424
11.471391469240189
9.719875454902649
9.725427627563477
10.066335648298264
11.419404298067093
18.73266249895096
13.010375201702118
13.34063857793808
8.861612528562546
13.223907351493835
10.821367055177689
13.225603103637695
8.582974225282669
19.861893355846405
13.32477182149887
8.307109028100967
9.383683651685715
10.583825409412384
5.290500074625015
6.732826679944992
7.692887634038925
9.798382222652435
10.953091830015182
8.341997116804123
6.884358823299408
10.977450013160706
4.189815744757652
10.030939429998398
13.60013484954834
7.36173540353775
8.425912261009216
4.042568057775497
24.522972106933594
9.051403403282166
7.2433046996593475
9.327086061239243
12.296874076128006
7.053986191749573
16.622337698936462
9.8529614508152
9.116606414318085
14.124684035778046
12.407249212265015
7.841753214597702
14.432188868522644
9.906541556119919
12.375713139772415
17.705652117729187
9.830019623041153
6.275060027837753
9.420844167470932
8.313342183828354
7.858985662460327
13.173049688339233
4.498583450913429
12.298346310853958
9.612198919057846
6.83206170797348
11.057044565677643
8.263610303401947
9.802281856536865
12.240899354219437
12.562346458435059
13.73714953660965
10.094933956861496
12.017054110765457
13.944266736507416
7.728628069162369
5.564239248633385
7.596404105424881
9.994656592607498
9.752734005451202
8.593014627695084
7.059402018785477
7.845480740070343
8.325602859258652
9.046220779418945
6.9195456802845
8.76108780503273
6.513456255197525
13.100416958332062
13.420002162456512
10.855259746313095
8.733198046684265
7.962460070848465
8.002960681915283
4.914200305938721
6.099624186754227
5.356927961111069
22.330696880817413
12.051621824502945
10.301970690488815
11.56444400548935
12.11036965250969
3.9559729397296906
20.942270755767822
9.05095636844635
9.011097252368927
7.763022184371948
14.100846648216248
8.233741670846939
6.661070883274078
8.18600058555603
9.348474442958832
10.779376327991486
10.086465626955032
13.550424575805664
10.388553142547607
7.5874291360378265
12.196338921785355
11.910023540258408
11.781764775514603
6.296177953481674
9.372150152921677
6.676699221134186
11.189348250627518
10.337886959314346
8.002212643623352
4.490988329052925
7.3925115168094635
9.752468019723892
8.310137689113617
11.56400665640831
6.798324733972549
10.043473541736603
12.16891035437584
6.19782954454422
5.90953528881073
4.833324998617172
4.72443625330925
12.494514882564545
13.113032281398773
7.263887673616409
7.690305262804031
17.626197636127472
10.605238378047943
8.47848504781723
8.282840996980667
15.948440134525299
10.856769233942032
8.705218881368637
3.511805832386017
10.014330595731735
16.298630833625793
9.199298918247223
9.197435528039932
7.710477709770203
1.6198549419641495
15.174734592437744
9.481678158044815
10.556450486183167
6.776303797960281
8.973188698291779
6.448883563280106
3.734280541539192
15.698166191577911
11.114813387393951
7.828739285469055
9.09878984093666
4.136571288108826
2.749300003051758
5.607920140028
9.894359856843948
5.816740915179253
5.839690193533897
5.151797458529472
6.061951071023941
11.001327633857727
7.511938363313675
6.451632082462311
10.817890614271164
1.8776187673211098
2.5619400665163994
16.453437507152557
7.793508470058441
12.09506168961525
11.124347150325775
5.607613176107407
6.356626749038696
8.542914688587189
12.840843200683594
14.10127729177475
15.734365582466125
8.564816415309906
11.306320130825043
8.790948987007141
9.920807182788849
12.788383662700653
9.681406617164612
4.121560230851173
9.837687015533447
13.593021035194397
7.032223790884018
5.927939340472221
13.106483221054077
12.901431322097778
19.42242532968521
9.60543155670166
4.678246006369591
5.205630138516426
12.431707233190536
12.356238812208176
4.726586863398552
11.721295863389969
3.4013964235782623
3.645412251353264
15.624392032623291
8.905642479658127
10.76689213514328
10.291584581136703
6.712900102138519
7.062523812055588
7.216326892375946
6.706903129816055
6.366997957229614
12.09641695022583
7.190782576799393
12.980395555496216
10.532937198877335
7.346927374601364
11.430498957633972
7.445401698350906
11.151351034641266
5.737382173538208
10.761729627847672
4.104873910546303
5.527852848172188
5.4570648819208145
3.2636675983667374
6.227077916264534
6.429176777601242
8.677001297473907
8.21564570069313
8.38712751865387
9.508931636810303
7.040785253047943
17.884673178195953
8.742206543684006
5.849509313702583
13.380025327205658
8.514504879713058
11.586964130401611
11.203707754611969
5.858674272894859
8.024593442678452
12.343114614486694
9.85659584403038
11.843455582857132
4.408378526568413
7.245579361915588
5.058596655726433
9.211206436157227
3.5606112331151962
4.693503677845001
5.599365755915642
7.228030264377594
6.413095444440842
6.725858151912689
6.405322998762131
6.78970143198967
10.089809447526932
5.87262362241745
7.6817721128463745
10.15264019370079
4.34071309864521
10.774041712284088
9.450659900903702
12.363757193088531
11.82754561305046
6.766657531261444
10.677821934223175
6.659875810146332
9.612102061510086
8.505663275718689
5.941007286310196
13.093677163124084
9.504447132349014
9.168001264333725
10.439477115869522
6.0122717171907425
5.822285637259483
10.455842316150665
13.409002125263214
10.762307047843933
5.250797048211098
3.498569503426552
6.092158332467079
3.6974992603063583
4.246171563863754
3.7013188004493713
5.212878808379173
4.633913189172745
6.234047934412956
8.303793519735336
3.665543720126152
9.82675701379776
10.2262482047081
4.512368887662888
4.918792471289635
10.902352631092072
9.267088770866394
9.620514512062073
11.154520511627197
6.40847384929657
10.32819151878357
11.853450536727905
5.571833625435829
3.1517688184976578
9.82683077454567
4.318470135331154
6.5388016402721405
8.833087235689163
10.846800357103348
4.965544492006302
9.23779010772705
12.171778827905655
10.477661341428757
12.464315444231033
11.96693480014801
7.140549272298813
12.239030003547668
9.231797605752945
11.812356859445572
14.763514697551727
14.593064785003662
10.125230997800827
9.516774117946625
7.269363850355148
10.665363073348999
4.800901934504509
7.566157728433609
5.035969987511635
7.203359156847
6.260176002979279
7.509274780750275
6.6682398319244385
5.014737695455551
12.147421389818192
17.011845111846924
6.736990064382553
6.821953505277634
9.325125068426132
5.761051923036575
10.800480097532272
7.493223249912262
8.258117735385895
11.294182389974594
11.348230391740799
9.552517533302307
11.458922922611237
11.167974025011063
10.445170849561691
10.650109499692917
9.186379611492157
14.067082107067108
8.40725228190422
10.42480543255806
10.643332451581955
12.045174837112427
13.497187197208405
14.319674670696259
10.427771508693695
16.636712849140167
10.962767899036407
8.844241499900818
15.666839480400085
11.666502803564072
5.905767530202866
12.444334477186203
13.601255416870117
9.518565982580185
11.086548119783401
5.744965374469757
5.2092306315898895
6.441956013441086
10.59696078300476
5.003241449594498
11.383286863565445
8.8939867913723
6.428662687540054
13.92102837562561
5.360472947359085
9.476257115602493
9.355875104665756
5.454075336456299
6.1786554753780365
12.778691947460175
12.455134838819504
7.2515904903411865
27.22591459751129
12.361520528793335
4.553156718611717
10.568467527627945
6.867320090532303
13.200195133686066
15.285789966583252
12.657518684864044
10.588908195495605
11.311822384595871
8.047933876514435
10.579092055559158
9.866014122962952
11.743611842393875
9.619178622961044
8.067607134580612
6.659027189016342
5.211376398801804
7.080384343862534
8.276579529047012
5.322017520666122
13.267311453819275
8.494942635297775
13.249605894088745
10.328522324562073
10.181572288274765
14.066064357757568
10.793725401163101
14.024816453456879
11.205261945724487
12.871462106704712
10.664751380681992
11.125025153160095
8.607076108455658
7.865360379219055
7.5437769293785095
3.8726385682821274
12.312741577625275
12.070447951555252
9.974264353513718
5.364206433296204
7.67204612493515
8.928266167640686
19.442886114120483
5.354736000299454
13.774046301841736
12.651805579662323
9.29662361741066
8.746480196714401
15.810638666152954
19.11529004573822
5.677838623523712
6.055028736591339
4.2988598346710205
7.672340422868729
8.10147151350975
11.397571861743927
12.613540887832642
10.267017036676407
12.12225928902626
19.573257863521576
10.818762332201004
12.439591437578201
12.278109788894653
11.17759644985199
6.091650202870369
9.999608993530273
6.4307838678359985
11.217249929904938
16.355593502521515
9.620951861143112
9.756708890199661
11.448783427476883
6.7629508674144745
4.52863946557045
11.915504932403564
8.956871926784515
14.113928377628326
7.848790287971497
15.367811918258667
14.878329634666443
11.515995860099792
10.8733169734478
12.261108309030533
8.73616337776184
12.650801241397858
9.998510777950287
17.987343668937683
3.3567048609256744
3.2602131366729736
10.372424870729446
6.317524611949921
5.095696076750755
3.4076254814863205
2.161934971809387
2.7034711092710495
5.319762602448463
8.502328395843506
13.590547442436218
13.64176720380783
3.14994640648365
5.837833136320114
6.591873615980148
12.275772541761398
15.495392680168152
15.366733074188232
9.86223891377449
5.381328240036964
10.6155626475811
6.450463831424713
11.975427716970444
8.928314596414566
8.800258487462997
7.3471806943416595
10.092829167842865
8.665895462036133
10.696743428707123
13.419419527053833
10.3336401283741
7.60824978351593
13.068468868732452
10.175108909606934
10.758654773235321
11.901531368494034
9.020525962114334
7.446827739477158
12.911522388458252
9.56534594297409
5.476100370287895
6.208328530192375
5.920711904764175
4.118165746331215
9.22340378165245
12.748387455940247
8.580432087182999
7.622157037258148
9.140650928020477
16.446225345134735
8.76908153295517
10.876750946044922
16.3001611828804
10.39244756102562
9.856723994016647
10.900585353374481
12.447400391101837
3.9229989051818848
11.102677136659622
8.429276198148727
9.92717519402504
8.231116086244583
6.173272058367729
9.247670322656631
2.966712974011898
5.519893765449524
9.454584866762161
10.759028792381287
10.16407310962677
0.5026313941925764
13.405892252922058
8.485274016857147
10.586439818143845
10.92095896601677
6.696108728647232
4.026003926992416
7.335514575242996
9.056737273931503
8.497415482997894
9.343992918729782
10.163948684930801
6.958630681037903
8.44457671046257
7.770595699548721
5.4024942219257355
10.620871931314468
12.128373980522156
9.265398979187012
13.14871609210968
10.68124920129776
11.753415316343307
13.925723731517792
10.415992885828018
14.68617171049118
12.232309579849243
12.924699485301971
10.350463539361954
8.163072168827057
13.411381840705872
9.323693811893463
10.459699481725693
12.534689903259277
14.209620654582977
11.174408346414566
8.022363483905792
11.000055074691772
14.730057120323181
13.544508814811707
7.908559590578079
8.629680424928665
7.242372632026672
6.930782645940781
9.173344075679779
9.173223376274109
21.449781954288483
5.518052354454994
16.905993223190308
10.446979850530624
5.147839337587357
10.998015105724335
7.563263922929764
6.354504823684692
10.392774641513824
8.14535990357399
11.151687800884247
7.0956751704216
4.335394501686096
