5.496135354042053
3.5835035145282745
2.870634011924267
1.453637983649969
4.200979694724083
4.889854416251183
2.931876853108406
2.5180719792842865
0.7236992940306664
1.85690987855196
2.3023536428809166
2.301393449306488
1.4896878972649574
2.57189329713583
1.2276222929358482
1.1500870808959007
3.4770332276821136
4.813769087195396
2.3186832666397095
5.937487632036209
2.8189152479171753
1.5143082477152348
2.5297828018665314
2.344326861202717
2.189202606678009
4.5691173523664474
2.592993713915348
1.3260328210890293
2.203533984720707
1.8317347392439842
1.920107752084732
2.30331402271986
2.1977581083774567
1.1903481557965279
1.864832267165184
2.49820314347744
3.0658122152090073
3.3955343067646027
1.7848653718829155
2.1717121824622154
5.621175840497017
1.2863010168075562
1.6954688355326653
2.2480133920907974
0.8129431866109371
3.729116916656494
2.241993322968483
2.453044429421425
2.2279269993305206
2.7023404836654663
3.7161555141210556
3.5560205578804016
1.4666438102722168
5.759876221418381
3.0184833332896233
1.9033854827284813
2.558812126517296
1.3670753687620163
1.6460152342915535
1.7989186570048332
1.6040226444602013
3.3971115946769714
3.064071945846081
16.402143239974976
5.843034014105797
3.3316075801849365
3.66971455514431
3.058048151433468
2.4702200666069984
2.1670008078217506
4.056229442358017
2.3126324638724327
5.333695188164711
4.646028205752373
8.120638877153397
4.2672716081142426
5.287360399961472
5.371498689055443
4.710758477449417
3.8975365459918976
1.3202683068811893
3.1347528100013733
2.7175478637218475
1.7162423580884933
3.146333247423172
5.038942024111748
3.3865202218294144
1.8358219414949417
3.607283905148506
3.2842066138982773
2.605760283768177
2.7595749124884605
1.8345501273870468
4.243582487106323
10.310857743024826
2.8359850868582726
2.3437624797225
4.313855990767479
1.2485138140618801
1.1987230740487576
2.68466267734766
2.889007329940796
2.480204217135906
2.745707146823406
2.2862836718559265
1.7706092447042465
1.6501834616065025
3.9149049669504166
7.423628121614456
4.80918250977993
6.026464328169823
3.8591742515563965
5.850624665617943
5.209693685173988
5.602598935365677
6.449027359485626
2.9687445610761642
4.055117815732956
5.186530575156212
3.3563997596502304
2.650359459221363
7.191850990056992
3.395957872271538
1.6745388507843018
3.164783865213394
4.451487213373184
4.122999683022499
4.91313710808754
3.4442543983459473
3.8700751960277557
4.502895101904869
3.8625318557024
5.350445210933685
8.432422578334808
3.222324699163437
4.921971261501312
3.5760030150413513
3.900981694459915
2.5970755144953728
2.487899363040924
2.206728979945183
2.0901741459965706
5.3536564111709595
3.1774815171957016
4.404075816273689
4.393377900123596
3.343404084444046
2.7324218302965164
2.9544800519943237
5.497417598962784
4.165801405906677
3.7472791969776154
2.2734465077519417
4.348758235573769
5.286901444196701
5.124159529805183
3.5720456391572952
5.041937902569771
6.72067329287529
4.105249792337418
4.861883074045181
3.971654921770096
2.5528881698846817
4.202219098806381
3.5700716078281403
2.840212918817997
4.070571064949036
2.048957534134388
2.175331488251686
4.146147519350052
2.037445642054081
4.437049105763435
2.8212886303663254
4.612647369503975
4.710545018315315
5.118652805685997
2.5100968778133392
1.4732008799910545
2.281029522418976
2.4912532418966293
2.3726487532258034
3.6522142589092255
3.5019002854824066
2.4237388744950294
2.4581734091043472
3.4950807690620422
1.5483716502785683
2.0692629739642143
1.2715800665318966
4.147983342409134
7.279584556818008
2.782277949154377
5.704620108008385
5.103003606200218
2.0741479471325874
3.160637989640236
8.798696100711823
5.612088367342949
1.9730295985937119
2.4258170276880264
1.331859640777111
0.39651351980865
2.7362797409296036
3.5900596529245377
2.02601570636034
1.8233614042401314
0.6404215004295111
0.7852344773709774
0.8736199699342251
6.499922275543213
2.6632623746991158
1.9543932750821114
0.45622936449944973
0.6929324008524418
2.6563655585050583
3.421272337436676
1.6190022230148315
2.742644026875496
0.5173760000616312
0.665871798992157
1.0193538852036
1.3200672343373299
3.1852606683969498
1.3635392300784588
2.104627899825573
1.5413029119372368
1.2686296366155148
1.616060733795166
2.4740325286984444
1.786905899643898
1.6712527722120285
2.1284347400069237
4.586413502693176
3.199407085776329
2.8213704004883766
2.053898386657238
0.7017511408776045
1.2583171017467976
1.205910835415125
1.003541238605976
6.656578928232193
3.2779645174741745
0.8015666157007217
1.616506651043892
1.3288815505802631
2.1949943155050278
2.032066695392132
1.4885549433529377
1.0727310553193092
0.5403066053986549
2.48078890144825
1.6804542392492294
4.050363600254059
3.3533070236444473
2.118537575006485
1.7064867541193962
1.289366465061903
2.5626927614212036
1.6044264659285545
1.241784542798996
1.5290044248104095
1.0559763759374619
6.474010646343231
8.883359283208847
2.6401208713650703
0.8990497328341007
1.149728149175644
1.770237274467945
1.3201086781919003
3.5205770283937454
4.83979657292366
2.26108618080616
2.482415921986103
5.136125162243843
1.395730022341013
3.2607126981019974
3.6353912204504013
2.193794958293438
3.347398340702057
1.783646084368229
4.026874527335167
5.355563759803772
2.676411345601082
2.908734790980816
10.572271049022675
3.890017420053482
3.433379903435707
5.592011660337448
3.061016835272312
2.2135522216558456
0.6526718847453594
2.046101540327072
6.939835101366043
1.887475699186325
3.5827066749334335
2.9988516122102737
5.524814128875732
0.9732122533023357
2.2110380232334137
1.3404847122728825
2.10602805018425
1.419693324714899
2.5412505492568016
2.184172533452511
2.6287948712706566
3.255780041217804
2.8253260999917984
2.0100686699151993
2.2102078422904015
1.452075969427824
1.7283041030168533
1.3545548543334007
0.14271989930421114
0.742528960108757
1.714129000902176
2.4115005508065224
1.3646069914102554
1.9516482949256897
2.1094679832458496
3.7456128746271133
2.018238604068756
1.898774690926075
2.022886835038662
3.190717473626137
2.803180553019047
5.161071196198463
1.5628870576620102
1.0886229574680328
1.483954954892397
1.7947083339095116
1.3567738234996796
3.3606067299842834
4.793394356966019
2.925306186079979
2.395108714699745
2.89424080401659
2.3049497976899147
2.40034069865942
0.8939537219703197
0.5079289432615042
1.56528539955616
2.882460691034794
3.230113536119461
10.04837080836296
2.256052754819393
1.673661358654499
2.6327166706323624
4.127570986747742
1.7676204442977905
1.7277514562010765
1.3184511102735996
3.7707924842834473
3.0011842027306557
6.982032209634781
1.7116006463766098
4.023910686373711
3.2729748636484146
1.7352387309074402
4.06530536711216
2.8029702603816986
1.342878770083189
3.1287480145692825
3.290431946516037
2.177896909415722
1.4243078418076038
1.9900457933545113
1.7698779702186584
2.588946744799614
3.3306822180747986
3.2413966953754425
1.760154403746128
3.1512808054685593
3.2139599323272705
2.1873682737350464
1.020336989313364
0.7434606552124023
2.112608402967453
1.3624035753309727
3.292568400502205
2.8899261727929115
1.0393356904387474
2.251426689326763
1.5648718923330307
2.428869530558586
1.2803923338651657
1.6780965030193329
5.870962888002396
2.3565955460071564
4.676211625337601
2.370390109717846
6.216678395867348
0.6902347318828106
2.4235958233475685
2.3433584719896317
3.846045210957527
5.348954349756241
2.436438575387001
1.3512460514903069
1.4352989383041859
2.068895846605301
3.798246383666992
5.282685160636902
3.9466120302677155
2.8973158448934555
2.4031933397054672
1.453909557312727
0.8513970300555229
1.3589623384177685
1.7099767923355103
1.9864819943904877
0.7059142459183931
0.6635846570134163
2.3232130333781242
3.317825123667717
1.089611742645502
1.2119154445827007
1.0221212171018124
2.3286059498786926
5.381987243890762
2.1614694967865944
3.493088483810425
0.27122439350932837
1.142291259020567
1.4023694209754467
2.6036925613880157
1.9352521747350693
1.8874520435929298
2.3383093997836113
0.4737567622214556
0.8899886161088943
4.057605937123299
2.2978518158197403
4.126906394958496
2.59456317871809
4.257508739829063
1.6448216512799263
4.837526381015778
4.443736746907234
5.019799619913101
0.8366783149540424
1.5408240258693695
2.9467929154634476
2.5641901418566704
2.626721002161503
4.418670758605003
2.5768985971808434
3.7892796099185944
2.0982805639505386
4.153094440698624
7.163868844509125
1.0097343474626541
1.3333850540220737
1.7610175535082817
1.821298897266388
1.8093563616275787
5.179713666439056
3.522815555334091
2.878933399915695
3.0290521681308746
5.319841206073761
1.6558045521378517
2.134411968290806
1.7422551289200783
1.983172632753849
2.3161081597208977
5.391363799571991
3.4219350665807724
3.4667879343032837
3.145616501569748
1.6950218006968498
2.22345981746912
1.8529679626226425
1.9825559109449387
0.3793173236772418
1.6454227268695831
3.2026078552007675
2.2075124084949493
3.4918468445539474
2.8610186651349068
2.6213666424155235
4.115927219390869
2.3707151412963867
1.3198616914451122
1.8339287489652634
3.485814854502678
1.9541239365935326
3.188057243824005
3.403075784444809
3.0845237895846367
0.8969666436314583
2.7509212493896484
3.7727613002061844
4.952486604452133
5.043341964483261
1.3183203525841236
1.6145914793014526
1.4758632518351078
0.37888740189373493
3.5948872566223145
1.166345365345478
1.7793629318475723
4.574574530124664
2.560626156628132
3.1810592859983444
1.3823668472468853
2.05790176987648
1.3999084942042828
9.193692356348038
3.147289529442787
4.9774013459682465
1.0308734141290188
4.334630072116852
7.081436365842819
2.5729576125741005
3.241298347711563
2.8448129072785378
4.159588739275932
2.831888571381569
3.852875903248787
1.260617095977068
2.569207176566124
5.627653747797012
2.912703901529312
5.656574293971062
4.350753501057625
4.03088815510273
5.227348208427429
2.2667206823825836
2.0237723365426064
1.6689792275428772
5.635374039411545
3.1710434705018997
2.4559738114476204
2.4266237393021584
4.248633608222008
2.2517340257763863
5.964710563421249
5.677274987101555
1.9400592893362045
1.8033502623438835
3.1981192529201508
3.954922780394554
7.748674601316452
5.288916081190109
3.1880278140306473
4.7649189829826355
4.645301401615143
5.830246955156326
2.7440503239631653
11.72226220369339
7.159295678138733
2.77610681951046
11.272001266479492
6.415826827287674
1.0627029463648796
5.342348292469978
7.51645490527153
7.9195536673069
4.218156263232231
1.29261901602149
2.632579579949379
2.272242493927479
2.8992732986807823
2.557094395160675
3.7872474640607834
1.1701669543981552
5.412350594997406
1.0435699485242367
4.231131821870804
3.0048010870814323
2.9285795986652374
1.9774651154875755
3.04300170391798
4.349234700202942
4.692859202623367
2.662741020321846
3.1949736177921295
2.4193549528717995
1.7899831756949425
2.9662398621439934
3.3746816217899323
2.0430749282240868
2.771309018135071
4.662821069359779
2.5296732783317566
1.8502235412597656
0.7820459082722664
2.7285706251859665
2.917497232556343
2.4509351700544357
1.7859522253274918
4.631808027625084
3.3347193151712418
1.4374456368386745
2.617533691227436
2.0229268819093704
0.9889528155326843
1.6683153808116913
4.334621876478195
7.253644615411758
3.0124884098768234
2.1816136315464973
1.7546121031045914
0.8639213629066944
0.3972487524151802
2.557002007961273
4.19987253844738
1.1687448248267174
2.111436240375042
0.9706620126962662
0.680513447150588
0.6651122123003006
2.4671820923686028
6.838022172451019
1.3179757632315159
2.346787415444851
1.265057548880577
2.754574827849865
2.6291320100426674
1.233670674264431
0.7499076426029205
1.6647400334477425
1.245705969631672
1.9710270687937737
1.7341827973723412
1.5110000036656857
2.10848655551672
1.0905545204877853
2.1450508385896683
1.6242371872067451
1.9687242805957794
2.485867962241173
1.730039343237877
0.5991822574287653
3.33869531750679
5.978953465819359
10.634758323431015
3.1486108899116516
2.8549756854772568
1.1507362127304077
2.360517717897892
1.6133008524775505
1.1908174492418766
2.513345517218113
1.2271254323422909
0.8011395111680031
5.456087365746498
2.576342411339283
1.521182619035244
1.769380271434784
1.4799016527831554
2.5310155004262924
2.8170501813292503
1.7478961497545242
1.4878799207508564
1.086318027228117
1.5501665882766247
3.896736353635788
2.0604265853762627
1.6812408342957497
1.4931157231330872
1.7789730802178383
1.9352342933416367
5.42517825961113
2.193140983581543
2.70818118005991
2.1012108772993088
3.8534194231033325
2.2154461592435837
5.129281431436539
1.38457790017128
4.043225571513176
1.7781693488359451
3.1270038336515427
1.3898732140660286
3.1414080411195755
1.7798637971282005
1.3314814306795597
2.131807804107666
1.435180939733982
2.615905739367008
2.951980009675026
1.8968867138028145
0.7904075086116791
1.5503590926527977
1.4495219103991985
1.5826378017663956
2.0326660946011543
1.4925352297723293
3.2777760177850723
1.2242085300385952
1.2631994672119617
1.6161700710654259
5.334676429629326
5.803273245692253
2.148514613509178
3.5230983048677444
3.362397477030754
5.199676752090454
2.313678525388241
2.9154589399695396
3.0666539445519447
0.8116613142192364
1.6956808045506477
2.7692774310708046
1.248414907604456
1.0805174708366394
0.8063283748924732
1.0079702362418175
2.9807256534695625
0.9152192622423172
4.251301288604736
2.609076164662838
1.5132494270801544
0.9268287569284439
2.7012132108211517
1.7358802258968353
1.5678243711590767
2.4651439860463142
5.46327568590641
2.609325759112835
4.098541662096977
5.98389059305191
1.4396663755178452
1.4483404345810413
2.6299821212887764
1.358166616410017
3.9789382368326187
2.4019036442041397
4.485101625323296
4.688771069049835
1.6802327707409859
5.95187321305275
2.6160692796111107
3.4807760268449783
4.478547349572182
4.335138574242592
6.797625124454498
1.8806850537657738
4.109193384647369
2.7221912518143654
2.214713767170906
1.4062021858990192
2.7360012754797935
4.151131957769394
5.728156119585037
3.2997827976942062
1.4920402318239212
1.955481804907322
2.6904430240392685
3.4756094217300415
3.3134780824184418
4.542937874794006
3.0830658972263336
3.3853407949209213
3.891986608505249
3.1526699662208557
2.5277558714151382
2.3547058925032616
5.160536989569664
2.7265826240181923
1.3516439124941826
1.8502924591302872
5.0208356231451035
7.770182937383652
2.4747688323259354
1.7882417887449265
1.8883619457483292
4.459486156702042
3.4037109464406967
5.570146813988686
2.518838457763195
2.6496216654777527
6.046562641859055
3.761734440922737
9.057225286960602
1.9177993759512901
4.161519184708595
3.5822730511426926
9.713198989629745
4.7499485313892365
2.844471298158169
2.7410991489887238
2.4626730009913445
4.731038212776184
3.8403239101171494
6.589626520872116
3.2935913652181625
1.93230789154768
3.4101173281669617
4.158855602145195
4.219851270318031
2.001151256263256
4.122963920235634
1.911718025803566
2.640058845281601
1.5339340083301067
1.7242161557078362
3.747991845011711
1.1882872320711613
1.7714103683829308
6.0165200382471085
5.692640691995621
5.836305767297745
3.3010266721248627
4.762925207614899
2.9726801440119743
1.74973476678133
1.7398454248905182
5.6987464427948
3.738875687122345
5.380593240261078
2.656409703195095
3.8434460759162903
4.106815904378891
2.0681601017713547
1.4429266564548016
5.852886289358139
1.8473869189620018
3.142131119966507
7.0975326001644135
2.4526434019207954
3.9698973298072815
4.235187917947769
6.795821338891983
3.2660208642482758
1.8766963854432106
1.872801035642624
4.167363420128822
3.306186944246292
1.945023238658905
2.0235424861311913
5.065665766596794
4.119947180151939
5.069814622402191
4.921144619584084
1.521520223468542
5.363229289650917
4.368415847420692
3.4636281430721283
3.4961458295583725
6.673632562160492
3.9123956114053726
6.158345565199852
6.463610380887985
1.2396042235195637
1.887853629887104
1.4097856357693672
1.5647964552044868
3.8024205714464188
2.5056082755327225
6.809879839420319
4.181558266282082
6.776087731122971
4.536135867238045
6.951513886451721
2.40156427025795
3.78551222383976
2.267121337354183
4.6891529113054276
2.157917246222496
1.8255695700645447
2.3016568273305893
2.6727592572569847
2.94068343937397
4.508284851908684
4.305094480514526
2.146364375948906
4.884898662567139
5.2300721406936646
4.032857343554497
3.3056583255529404
8.370476961135864
4.133695736527443
4.0529511868953705
5.244351923465729
1.4979627914726734
4.139304906129837
2.203773893415928
1.6495708376169205
2.944742701947689
2.1850069984793663
2.681778371334076
1.8265951424837112
2.8091929852962494
4.658005014061928
4.121063277125359
1.928640529513359
4.732486233115196
3.781075030565262
2.791956812143326
1.7091793939471245
2.1945107728242874
3.98707278072834
4.851029068231583
3.3012617379426956
1.757003739476204
3.545483946800232
3.1160714104771614
3.113727457821369
3.3166401088237762
3.3009547740221024
2.592555247247219
3.2931476831436157
3.3918410539627075
3.047417849302292
2.4606063961982727
2.9653647914528847
3.3027078956365585
3.527793660759926
4.274569824337959
0.8097482845187187
3.5931147634983063
5.8498188853263855
6.993386894464493
5.854161083698273
4.29757796227932
3.09036485850811
1.1442119255661964
5.6427691131830215
3.6102183163166046
3.5169795155525208
2.9195550829172134
2.4728935211896896
1.6311483457684517
2.9823271557688713
2.724987454712391
3.5200055688619614
2.737070806324482
1.7412057146430016
2.594643458724022
1.3313109055161476
2.17351745814085
4.068666324019432
3.2927289605140686
1.9610177725553513
2.2947777062654495
6.007252261042595
14.522472023963928
5.040042847394943
6.480562686920166
0.4674866795539856
0.6317513529211283
0.8294245228171349
4.1764650493860245
5.758867040276527
2.8993578627705574
3.851228579878807
0.5305116530507803
2.820827066898346
2.3941604420542717
3.297470137476921
5.815301835536957
2.3442016914486885
1.2672627344727516
2.01784148812294
2.711402252316475
5.278697237372398
2.7253344655036926
5.473720654845238
4.563886299729347
2.330910786986351
5.491844564676285
2.816196531057358
3.522859513759613
5.066292732954025
3.7275753915309906
1.410218235105276
3.8896162062883377
4.3351855129003525
6.5826669335365295
4.877500608563423
3.5246945917606354
1.7462342977523804
4.132913053035736
8.816856890916824
2.3464448750019073
2.734091132879257
1.246821042150259
3.764764219522476
8.5432767868042
5.560479685664177
7.294867932796478
2.216452732682228
7.793354243040085
5.40536530315876
3.0723106116056442
3.6543838679790497
3.1271785497665405
5.028801783919334
1.3179988600313663
3.4837141633033752
2.038772590458393
1.3471020385622978
8.480536937713623
0.399568909779191
1.5104283578693867
2.2446386516094208
2.2420717403292656
3.784193843603134
2.5844505056738853
2.579476870596409
2.8759287670254707
1.478541735559702
3.9899270981550217
2.026478573679924
1.364053413271904
0.9153999388217926
2.323169820010662
2.8605742380023003
2.522701770067215
3.1000224873423576
2.5727976113557816
5.828702822327614
5.0771962851285934
6.036962196230888
7.269417494535446
1.7756853252649307
3.5925105214118958
3.403102606534958
0.6649137008935213
4.272086918354034
1.8535938113927841
2.3111289367079735
1.7274051904678345
1.8086440861225128
0.9181355126202106
2.0748673006892204
4.582617059350014
1.2687626294791698
3.5805340856313705
1.5201912261545658
0.933379027992487
2.149270661175251
2.28988453745842
2.027568593621254
1.9065704196691513
2.601349540054798
2.114519663155079
1.6165494918823242
2.216118387877941
4.05629463493824
2.343626134097576
2.492803893983364
2.1152041852474213
1.112702488899231
1.6285283491015434
2.8425363823771477
2.0246751606464386
1.0825546458363533
1.6777962446212769
0.8842881768941879
3.5697638988494873
4.829660058021545
2.241923101246357
3.3110368996858597
4.704507812857628
2.1542388945817947
3.11856921762228
3.0506040900945663
5.209023505449295
5.2527159452438354
6.399891525506973
1.5325138345360756
5.307189375162125
4.406021535396576
14.12847489118576
5.538632348179817
7.5544558465480804
15.410427749156952
2.9496997594833374
1.9980834797024727
1.1677696369588375
2.0737893879413605
2.335823141038418
2.793394774198532
2.6468291878700256
3.1937431544065475
8.478709310293198
0.990939699113369
3.589772805571556
1.3379217125475407
2.788264863193035
0.878384429961443
1.8829725682735443
0.7324764970690012
2.9005706310272217
4.374871775507927
1.6950583085417747
