2.061748318374157
1.2905272655189037
2.0513731986284256
1.6216102987527847
1.5730943530797958
1.5823481604456902
1.5058091841638088
3.4222248941659927
1.7495207488536835
2.048027515411377
1.5195504762232304
1.1428095400333405
2.5795595720410347
2.082640863955021
1.2552685104310513
0.8554831147193909
0.7150409277528524
4.870372638106346
2.5100670754909515
1.937759667634964
0.9395001456141472
1.9065162166953087
2.775883674621582
4.9227505922317505
0.9083051234483719
1.0691904462873936
0.6335546262562275
2.5510238483548164
3.4943215548992157
3.343105688691139
2.570711076259613
2.157776430249214
1.6194988042116165
1.7250504344701767
4.7930605709552765
1.9920526072382927
1.5256037004292011
1.5484794974327087
0.979776494204998
0.8828016929328442
1.337234489619732
0.7584923412650824
1.667485386133194
1.4687469229102135
1.9490674138069153
2.252456545829773
1.1734655126929283
1.2422003783285618
1.5841910615563393
1.1193806305527687
0.9179101325571537
0.8729756809771061
1.3385919854044914
3.362501412630081
2.08955779671669
1.377939060330391
0.7017659489065409
0.6051690317690372
0.7391968742012978
1.5918757766485214
5.0561197102069855
1.335898693650961
1.1019798927009106
3.0785100534558296
0.9703833609819412
2.1321533247828484
1.000605896115303
2.52968892455101
0.3208588343113661
2.110509015619755
1.7109356820583344
3.05035300552845
0.6080510094761848
1.6727814450860023
3.2673679292201996
1.7765561118721962
1.4844482764601707
1.433449424803257
1.0340585373342037
1.032063364982605
1.5813931822776794
0.6965225096791983
0.658704899251461
1.8062552437186241
0.5392136052250862
1.495597418397665
6.386657804250717
4.811059311032295
1.7912950366735458
0.7582836784422398
0.4145544022321701
2.009623683989048
0.9534594602882862
0.9857484139502048
3.3360186964273453
2.0311186090111732
3.020639158785343
2.9157111421227455
1.2590195052325726
0.8620037697255611
0.8732300251722336
3.4622449427843094
0.8617084473371506
1.401629764586687
0.8355029858648777
1.7406238242983818
2.301509492099285
1.0422449558973312
0.6647909991443157
0.23180912248790264
0.8234954439103603
0.6919953972101212
2.411195822060108
0.7850185036659241
2.979907765984535
2.4685226380825043
3.653089702129364
2.187405712902546
1.0990563780069351
3.045671060681343
0.777267524972558
3.108038567006588
2.9554054141044617
1.9937233999371529
0.7175849750638008
4.356922954320908
0.3985438495874405
0.5615499336272478
0.5428237374871969
0.3768955823034048
2.236768789589405
0.47531817108392715
1.1039414443075657
0.9213211014866829
1.6153989359736443
2.161651849746704
2.562503144145012
5.024157464504242
1.0693208314478397
1.6927583143115044
1.8402675166726112
1.7407232895493507
2.49116700142622
2.957906946539879
3.0816277489066124
1.068643294274807
0.6086133886128664
3.1347479671239853
2.286660671234131
4.257509857416153
0.7960276678204536
0.7106611039489508
1.8391726538538933
0.6566420197486877
0.9539304301142693
1.491231843829155
5.158105865120888
4.412380233407021
1.8733017146587372
1.1102842167019844
4.580925777554512
2.043265290558338
0.43061086907982826
0.7537700701504946
1.1065080761909485
1.5963425859808922
0.6720370147377253
3.87679785490036
1.2576019391417503
1.5668721869587898
2.96623632311821
1.9453518092632294
4.585137218236923
2.192356437444687
1.827513426542282
3.217392787337303
3.8877058774232864
0.5987325683236122
0.7550690323114395
1.3840306550264359
2.4593301117420197
1.7476009204983711
1.402035914361477
0.5992758553475142
1.4077719300985336
0.7379214745014906
0.2269797958433628
1.01826973259449
0.37473116535693407
0.7793622557073832
0.301461317576468
0.11974397348240018
0.7614954840391874
0.36527381744235754
0.5578076932579279
3.1128769740462303
0.4934221040457487
0.3976975101977587
1.2891744263470173
1.744871772825718
0.3054901957511902
2.762933634221554
2.6486337184906006
1.0842463001608849
1.3294512405991554
2.3419542238116264
4.985381662845612
0.41148439049720764
0.40197637863457203
0.2712866524234414
0.4530636593699455
0.8680486120283604
1.5318340621888638
1.0375818237662315
1.6919637098908424
1.1452144011855125
1.4737775549292564
1.0683270171284676
1.633775234222412
0.7712692487984896
0.8414632640779018
1.2393499724566936
0.9432025253772736
0.540953828021884
1.926485076546669
1.8348779529333115
1.044491771608591
1.638706959784031
1.0620279237627983
1.4370144344866276
4.092848673462868
1.9758949056267738
1.7316490411758423
0.5670043639838696
1.0508357547223568
1.2218894436955452
1.4162806794047356
1.9116658717393875
3.15510593354702
0.8215824142098427
0.6870285142213106
1.0995563119649887
1.9048603251576424
1.5568715520203114
1.9818754866719246
4.351190477609634
2.1081339567899704
1.3678721152245998
3.0834147706627846
2.779356576502323
2.3695291951298714
0.3428760450333357
0.6530903279781342
2.4667831137776375
3.7871990352869034
2.533922716975212
1.215173676609993
2.3676326498389244
2.312806248664856
1.427649799734354
1.2036622501909733
2.5266600772738457
3.214680030941963
2.044782228767872
1.7887208610773087
2.8792671859264374
2.9868802055716515
3.3219005912542343
1.4864028431475163
3.3854812383651733
1.5063067898154259
1.983528956770897
2.023703046143055
3.577663004398346
2.751847915351391
1.3657979667186737
1.3940517790615559
1.2913893908262253
1.894785463809967
1.929699257016182
2.2160695865750313
2.617325074970722
2.280890569090843
1.7539886757731438
3.262288123369217
2.49238945543766
2.382250875234604
0.8056321181356907
0.656486302614212
0.774562219157815
1.604938879609108
1.9787320867180824
4.414782300591469
3.334900364279747
4.643826186656952
0.4759531468153
2.437344565987587
2.720654383301735
3.5983797162771225
1.606711931526661
1.2909388169646263
1.545269601047039
0.4761691205203533
1.7534950748085976
1.6075020655989647
0.8576487191021442
0.5707412492483854
1.7341690137982368
0.9468668140470982
1.8032398074865341
1.5071144327521324
1.0001329705119133
0.6126140709966421
1.9719518721103668
0.7536002434790134
3.406241163611412
0.8070238865911961
0.7614369969815016
0.8875680156052113
0.6297004409134388
0.4869820550084114
0.6526870653033257
1.9861182197928429
0.8932680822908878
4.191012308001518
2.5736797600984573
1.9407011568546295
1.7876220867037773
3.5572901368141174
2.733982168138027
1.1701630428433418
2.5138385593891144
1.2780454009771347
1.5541753731667995
3.091191127896309
0.6338479463011026
1.452881284058094
0.54254992865026
1.439496222883463
1.32478978484869
2.2085290402173996
1.1191167868673801
0.7073100190609694
1.1842546984553337
1.594487763941288
1.5791051089763641
1.0479291900992393
1.6732601448893547
3.214023634791374
1.379659678786993
2.8586117550730705
1.9982434809207916
1.4216051436960697
1.038598082959652
1.2910639867186546
1.3869792222976685
0.9125714190304279
2.0561864599585533
2.0891865715384483
1.7074653878808022
1.3193544931709766
1.541429478675127
1.5594150871038437
0.5992530845105648
0.3363092429935932
0.5593952722847462
0.4575281869620085
0.7916462607681751
0.9482172317802906
1.9864030182361603
1.4848258346319199
2.515443228185177
2.4422036483883858
0.7499597035348415
1.6072550788521767
0.4875337705016136
0.8577126078307629
0.3749267663806677
2.0285656675696373
1.6676852479577065
1.303781196475029
1.5932640060782433
0.9706847369670868
1.58427394926548
0.4926414228975773
0.8075828664004803
1.9606145098805428
1.6677968204021454
0.518440455198288
1.0833468288183212
0.2713253954425454
1.925242692232132
4.482870921492577
0.765082985162735
0.8710715919733047
1.2572355568408966
0.9847784414887428
2.0077472552657127
4.876001924276352
1.6749007627367973
2.101464755833149
2.4951737374067307
0.7085437886416912
6.600818037986755
0.7172769401222467
0.762302940711379
1.3667176477611065
1.615917682647705
2.0559020340442657
1.6238603740930557
0.2516510896384716
0.2117498777806759
2.058820053935051
2.8612256050109863
0.9166871197521687
1.3559021055698395
0.9929321706295013
1.870737038552761
0.8869209326803684
0.9764006361365318
1.546812243759632
0.7132452446967363
0.7851311936974525
0.9430710226297379
2.9782336205244064
1.5628213062882423
0.9161657653748989
1.837192289531231
0.8519431576132774
1.3130305334925652
1.8830206245183945
1.5786483883857727
2.334880270063877
1.3359797187149525
0.8987340144813061
0.7156087085604668
2.6060448959469795
1.1843694373965263
0.9176916442811489
4.136758670210838
1.301650796085596
1.5517541207373142
1.710766926407814
3.0004609376192093
1.9648050889372826
2.1984415128827095
2.102060429751873
3.4692183136940002
1.4009983278810978
3.2969608902931213
0.8102532476186752
0.671059638261795
1.1030357331037521
0.9200876578688622
1.3405478559434414
1.4263504184782505
0.6653600372374058
2.01435349881649
2.1371273323893547
2.0334525033831596
2.1522510796785355
0.897416565567255
4.9743711948394775
1.7606019973754883
1.1604933999478817
1.5504062175750732
2.6053767651319504
3.7957999855279922
1.5654537826776505
1.259631011635065
0.5729811731725931
3.1265951693058014
1.6658803448081017
1.147684920579195
1.854887418448925
0.9204741567373276
6.436175107955933
1.4624048955738544
1.7402512952685356
0.5006218794733286
4.936590790748596
2.7413617819547653
2.7529776096343994
0.9134461171925068
0.9277330711483955
1.5305573120713234
2.231878601014614
1.8564986065030098
4.764305427670479
1.387468259781599
1.0711568407714367
0.9884431958198547
0.8967080153524876
1.757940649986267
2.220412530004978
2.479078061878681
1.3956657610833645
1.153646968305111
0.5927919875830412
3.410833328962326
1.3296695426106453
1.7869126051664352
2.5626806542277336
0.9395812638103962
0.6237095687538385
1.7169494181871414
1.2394852004945278
0.4863831680268049
1.409424003213644
1.9923135638237
0.8352263830602169
1.1499589309096336
0.2271406352519989
0.5385641474276781
3.4189019352197647
2.0267415791749954
0.6474501453340054
0.6874047685414553
5.079929530620575
1.9564472138881683
1.0708765126764774
0.46631814911961555
2.93890368193388
0.8039687760174274
1.3786586932837963
1.7879616469144821
1.521359570324421
1.1081358417868614
1.8566718325018883
1.275517139583826
0.3236815333366394
3.0289720743894577
2.937175892293453
2.604866772890091
0.5782446824014187
4.562970623373985
1.9969062879681587
0.47158231027424335
2.65688207000494
0.8579028770327568
2.691357769072056
4.371729493141174
3.2247673720121384
1.5229581855237484
2.205364592373371
2.8602106496691704
1.9300378859043121
1.1758305132389069
1.1450758203864098
1.0561841540038586
3.7992864847183228
3.9177507162094116
1.5894651412963867
0.9515370242297649
2.979710139334202
3.235005959868431
0.6805673707276583
0.3491554409265518
1.0860432870686054
0.9712603874504566
1.9483450800180435
1.5651348978281021
0.2773475367575884
2.1086933091282845
1.9208582118153572
1.8907003104686737
1.29129309207201
2.773905359208584
1.8936220556497574
1.6818786039948463
1.0081090033054352
3.116476349532604
2.355385385453701
2.368968538939953
0.811335165053606
1.0920053347945213
0.7091112900525331
1.8180925399065018
1.2937569990754128
1.744651049375534
2.370355650782585
0.6883487571030855
1.72333512455225
2.571733668446541
1.5559111721813679
1.1035909876227379
2.0277222618460655
1.7042730003595352
2.42866650223732
2.1734269335865974
4.810045659542084
1.5194355510175228
2.018077112734318
1.2547736056149006
1.5082157216966152
3.16653735935688
0.8068854920566082
0.500729912891984
0.9060163050889969
3.5198047757148743
1.4700615778565407
1.5113472007215023
1.9469346851110458
2.4686403572559357
0.5939431022852659
0.6529079284518957
3.750188648700714
2.709374576807022
0.9323359467089176
1.1337834410369396
1.7863718792796135
0.2947829430922866
0.2679775236174464
1.133977621793747
1.676308549940586
3.5617679357528687
1.8196484073996544
1.032013911753893
3.1193530187010765
1.154764648526907
5.35370372235775
1.1933539062738419
0.7692016661167145
1.843227818608284
0.9941477328538895
0.3566815285012126
3.55503186583519
0.7735065650194883
1.5176527202129364
0.9297666139900684
0.319133629091084
5.951719731092453
0.7069068495184183
0.811926182359457
0.5905372556298971
3.108504042029381
0.9147733449935913
1.4291043393313885
2.6055390015244484
2.6288142427802086
2.372453548014164
0.7475988939404488
1.8352296203374863
1.7967471852898598
0.8651020936667919
0.8068345487117767
1.3168140314519405
0.5864128936082125
0.6434748880565166
1.340149063616991
6.202518939971924
1.85005571693182
0.39105936884880066
0.4398580174893141
2.0764626562595367
2.014174312353134
1.2658140622079372
3.050747327506542
7.1505047380924225
1.8068308010697365
0.3894294844940305
0.652044964954257
0.6753555964678526
1.9248103722929955
1.0498940013349056
0.9743628092110157
0.6167336367070675
1.599670946598053
1.118635293096304
1.3682320713996887
2.7343224734067917
1.6546683385968208
2.198018692433834
2.0961081609129906
1.830865629017353
0.8197520859539509
1.7155250534415245
1.427113451063633
1.4425374567508698
3.4016095101833344
6.425102055072784
0.8124712854623795
3.9851728826761246
0.8187416009604931
2.2877953946590424
0.7547282613813877
1.5905572101473808
2.8639253228902817
5.184557288885117
0.531565397977829
0.9085274301469326
0.6926842499524355
1.5472117811441422
1.8476355820894241
0.7435563951730728
0.6642275955528021
0.3243671962991357
