11.881929636001587
11.237608641386032
12.002753466367722
12.056197971105576
8.447080105543137
7.670953124761581
16.008180379867554
10.10758951306343
17.510369420051575
7.163921743631363
7.426244765520096
8.284060657024384
5.714474618434906
6.945521384477615
13.399924337863922
9.35886725783348
12.528090178966522
9.31164100766182
10.97874566912651
9.744903445243835
10.166843235492706
11.566325277090073
9.305470436811447
14.116533100605011
6.124485656619072
13.301500678062439
11.319997161626816
9.601960331201553
9.861838072538376
13.191889226436615
14.84861969947815
7.106688618659973
5.88567852973938
9.922384470701218
9.877243638038635
5.837881192564964
11.019796878099442
12.402292340993881
16.12146496772766
16.639837622642517
12.572276592254639
18.980680406093597
11.741170287132263
8.372293412685394
6.974852830171585
11.80294007062912
9.32929739356041
7.949280738830566
9.180714190006256
10.331002622842789
5.733189359307289
6.786496937274933
11.704977601766586
6.108169257640839
4.503646865487099
6.665803492069244
13.725477457046509
11.4207424223423
5.887613818049431
7.258600741624832
8.14516618847847
12.679541110992432
14.498601853847504
7.530365139245987
5.103345587849617
5.996241047978401
6.649494916200638
8.564075082540512
13.912683725357056
10.02771407365799
12.30703666806221
13.324569165706635
13.331560790538788
11.455882340669632
22.09714502096176
9.960126131772995
7.234963029623032
11.962112784385681
9.302494674921036
6.858433037996292
6.8557702004909515
11.864624917507172
13.127242028713226
3.96868959069252
6.936434656381607
4.499031975865364
11.46988794207573
7.538604736328125
12.720102071762085
10.65143495798111
13.03839236497879
6.744324415922165
8.025263994932175
12.010553479194641
13.291867077350616
7.306976616382599
9.42716896533966
6.839997321367264
7.765254378318787
8.140935748815536
10.107720643281937
8.480585366487503
10.53989827632904
4.608060047030449
4.243072867393494
10.854203999042511
6.851563602685928
10.410472005605698
8.778051286935806
13.62597942352295
15.460343658924103
7.175205647945404
6.390722095966339
15.618853271007538
6.458672136068344
8.016972988843918
7.818851619958878
11.550264805555344
10.698346048593521
6.661738455295563
9.48343276977539
9.731973707675934
11.51510551571846
6.3284218311309814
9.429235756397247
13.111366331577301
10.535814613103867
8.974537998437881
8.060257881879807
11.017456650733948
8.321330696344376
10.909736156463623
7.957331836223602
6.463296711444855
11.668702214956284
9.352239221334457
11.69862300157547
13.819348812103271
8.87834057211876
11.167646944522858
10.330203920602798
9.982041269540787
15.033157169818878
7.832346111536026
11.459697037935257
7.667345553636551
5.759754404425621
7.164203375577927
13.416674733161926
10.343234986066818
12.704573571681976
11.064248532056808
11.877545714378357
9.935785830020905
12.006097286939621
10.568100959062576
10.310529917478561
7.825140655040741
12.774312496185303
7.2407156229019165
11.148903518915176
13.418097794055939
5.884537100791931
7.847805321216583
12.075304239988327
7.561963796615601
14.144518971443176
10.977568477392197
7.579281181097031
7.898283004760742
10.160263627767563
9.741545468568802
8.571639657020569
16.432024538517
12.306110560894012
13.242970407009125
7.401501387357712
9.306537359952927
6.952629238367081
8.055336028337479
9.852556884288788
14.274150133132935
10.47872006893158
12.725473940372467
10.630256682634354
8.429349213838577
11.049352586269379
10.588685423135757
12.215428799390793
8.368194848299026
12.713785469532013
8.727071434259415
7.913244515657425
4.927131161093712
4.429922625422478
7.085712254047394
10.431116819381714
1.9629120826721191
4.1466716676950455
11.410568654537201
11.210859566926956
10.746300965547562
12.291078269481659
9.382066875696182
2.5015152990818024
4.5272789895534515
8.330660313367844
13.811090588569641
12.019023299217224
12.878350913524628
9.756642580032349
6.801115721464157
4.306024685502052
4.393263906240463
5.6969087570905685
8.231265097856522
9.811098128557205
11.693404614925385
10.827631503343582
8.88938456773758
5.704814568161964
7.302340120077133
9.6614770591259
9.0032659471035
9.052863717079163
5.408745631575584
11.005638539791107
11.734577268362045
8.85041356086731
7.977583259344101
5.528868734836578
1.9499320536851883
2.542504109442234
4.066753014922142
3.921918198466301
7.340055704116821
7.962843030691147
3.604346141219139
7.6142944395542145
6.186014413833618
2.2913966327905655
1.924622803926468
6.188637763261795
10.855468362569809
2.8390109539031982
5.2473437041044235
8.778540045022964
5.678320303559303
5.551431700587273
2.209620364010334
7.485707104206085
6.052010133862495
9.000623226165771
4.3418411165475845
9.293294697999954
9.333906322717667
2.1309657022356987
1.7253546044230461
11.91578358411789
8.57914388179779
4.105338826775551
9.881076216697693
10.93711405992508
10.961756855249405
10.164672881364822
12.91358470916748
12.771730124950409
11.16296797990799
14.626602828502655
10.168717056512833
11.24090701341629
6.851517409086227
10.039019584655762
13.269825279712677
9.490878134965897
9.743057191371918
10.008902847766876
5.968869477510452
6.463439762592316
9.669779241085052
10.949122905731201
6.006164103746414
8.617114275693893
14.214347302913666
12.099938839673996
11.202819645404816
11.95252314209938
13.309796154499054
10.274899005889893
12.363588064908981
8.368061482906342
7.602108269929886
8.96952971816063
8.779630810022354
12.423872947692871
9.806642681360245
8.924540132284164
5.361369252204895
5.2220940589904785
6.957139819860458
4.215517640113831
2.6969440281391144
6.328630447387695
10.58385968208313
3.6391649395227432
3.6749549210071564
2.871895208954811
4.522448405623436
7.815442234277725
11.072226613759995
7.585610449314117
4.867576435208321
5.738468840718269
13.80038857460022
13.541066646575928
10.299836099147797
14.482849836349487
12.381982058286667
14.708854258060455
9.846775978803635
18.924598395824432
10.3202685713768
9.036687761545181
4.569026827812195
1.6668418422341347
2.4602171033620834
6.524263322353363
8.809731155633926
3.079930879175663
7.239871472120285
3.4646358340978622
4.311498999595642
8.860297501087189
7.668425887823105
5.284309387207031
8.865845203399658
9.506174176931381
8.4858737885952
10.256609320640564
11.802057176828384
10.705668479204178
9.999316930770874
10.636650025844574
11.379558593034744
18.627050518989563
13.52626085281372
13.661108911037445
8.868573606014252
13.211162388324738
11.132732778787613
13.51083517074585
8.756160736083984
17.855939269065857
11.84084564447403
7.927706837654114
8.689327538013458
10.349928587675095
6.454434245824814
6.681979447603226
7.098165899515152
9.439340978860855
10.763172060251236
8.406531810760498
6.967798620462418
11.17507666349411
5.731353536248207
10.745127499103546
13.733112812042236
7.50013068318367
8.439481258392334
4.155639186501503
21.783354878425598
9.554487466812134
7.3045313358306885
9.493428468704224
13.046839833259583
7.34432116150856
16.704891622066498
10.294144600629807
9.790120273828506
14.429280161857605
12.023220211267471
8.41950848698616
14.912629127502441
9.849338978528976
11.863923817873001
18.413573503494263
10.003241151571274
6.410911679267883
9.359738230705261
6.332980096340179
7.754939794540405
12.556086480617523
4.418610408902168
12.228579819202423
9.43654552102089
6.559135019779205
10.346680134534836
8.423541486263275
9.978488087654114
12.22892850637436
13.088828325271606
13.596662878990173
10.55692508816719
12.211909145116806
14.147743582725525
7.672536373138428
5.964459851384163
7.318706065416336
9.588567167520523
9.704597294330597
8.676610141992569
7.099110633134842
7.889901846647263
8.186960220336914
8.70577022433281
7.120005041360855
9.004904329776764
7.06041157245636
13.205845654010773
13.738806545734406
10.515069216489792
8.661913126707077
8.032604306936264
8.26031118631363
5.468040332198143
6.452469527721405
5.2971526980400085
21.806368231773376
10.115542262792587
10.080687701702118
12.009846419095993
11.928096413612366
4.236036166548729
19.85485702753067
9.425434470176697
9.297659993171692
7.816271483898163
13.97021859884262
7.80232846736908
6.853616237640381
9.132008254528046
9.398499876260757
11.26941442489624
10.795261710882187
14.410054683685303
10.592763870954514
7.701845467090607
11.964908242225647
12.678228318691254
12.467850744724274
6.827449053525925
9.971380233764648
6.864609569311142
11.603427678346634
10.548965632915497
9.058698266744614
4.7712065279483795
7.595835626125336
9.892695397138596
8.807799220085144
12.05243319272995
7.3677219450473785
11.058153957128525
12.959034740924835
6.42327144742012
6.117536872625351
4.880398511886597
5.682240054011345
12.22422868013382
12.886738777160645
7.3918648064136505
8.269868791103363
17.646364867687225
10.84645688533783
9.14992019534111
8.345076441764832
14.242714643478394
11.010348796844482
8.996521681547165
3.535773977637291
10.064396262168884
14.116260409355164
8.898232132196426
9.65890884399414
8.215703070163727
1.6917359083890915
10.776179283857346
10.10688915848732
10.619392991065979
6.887233257293701
9.198810160160065
6.453067809343338
3.7199020385742188
14.661528170108795
8.43673050403595
8.570688217878342
10.229706019163132
4.875338450074196
2.7830062434077263
5.8996375650167465
10.24273857474327
5.882236361503601
6.119854375720024
5.822362378239632
6.2706358730793
11.380892246961594
7.889116555452347
6.761450320482254
11.919289082288742
1.5893064439296722
3.2853402197360992
16.281898319721222
7.938962429761887
12.552401423454285
11.607474088668823
5.856814607977867
6.72575831413269
9.323187172412872
13.390296697616577
14.725466072559357
16.472193598747253
8.982401341199875
12.09770292043686
9.385958313941956
10.765717178583145
9.462018311023712
10.249432921409607
4.14278469979763
10.037089884281158
13.658548891544342
7.402242720127106
6.103559583425522
13.392774760723114
13.44963163137436
19.62205171585083
10.367075353860855
4.869066551327705
5.312539637088776
12.447498738765717
13.075321912765503
5.703440681099892
11.820834875106812
3.816280886530876
3.667151555418968
15.780043601989746
9.347107261419296
11.01846769452095
10.77284961938858
6.840518116950989
7.542137056589127
7.523903995752335
7.6626114547252655
6.497730314731598
12.499162554740906
7.336411625146866
13.091003894805908
11.079472303390503
7.936281710863113
11.328143626451492
7.806599140167236
11.665988713502884
6.231128051877022
11.316550523042679
4.545871540904045
7.086417078971863
5.8698199689388275
3.6552786827087402
6.260330229997635
6.909593939781189
9.57607701420784
8.570323884487152
8.658520132303238
9.851071238517761
7.273179292678833
17.859050631523132
9.232034534215927
6.2479957938194275
13.562987744808197
8.461682498455048
11.904769390821457
11.703075468540192
6.172477081418037
8.52576568722725
12.389533966779709
10.379895567893982
10.74889823794365
5.019434541463852
7.798241078853607
6.450953334569931
9.397866576910019
3.643783926963806
4.952402040362358
6.0441359877586365
8.385417610406876
7.543255388736725
7.149776071310043
6.4992547035217285
7.009027153253555
10.364624857902527
7.3063090443611145
9.51579213142395
10.885516554117203
4.873296245932579
10.781719535589218
9.5942422747612
12.115620821714401
13.545966148376465
7.312476634979248
11.004922538995743
6.579717248678207
10.64244881272316
9.183880686759949
7.551300525665283
13.6664479970932
9.644976258277893
9.653719514608383
10.867758840322495
6.3807472586631775
6.443072110414505
10.837209969758987
13.535013794898987
9.887126088142395
5.564805492758751
3.787284344434738
6.024445965886116
3.887968882918358
4.454478994011879
4.050163179636002
5.1005251705646515
4.432610422372818
6.653700768947601
8.54274183511734
4.063174873590469
10.246068984270096
10.824663192033768
4.639889672398567
5.329184979200363
11.33078709244728
9.77059081196785
9.75063443183899
11.605646461248398
6.833174824714661
10.985687375068665
12.26741150021553
5.662665516138077
3.2184049487113953
10.209045559167862
4.736008122563362
6.346090137958527
9.139051288366318
9.90351289510727
5.097160488367081
9.178459644317627
11.317987740039825
11.062560230493546
12.135869264602661
11.953214555978775
7.547755539417267
12.140056490898132
9.40462127327919
10.513042658567429
13.720481097698212
14.837877452373505
10.210121423006058
9.726733714342117
7.341034710407257
11.114272475242615
5.673019215464592
7.961028814315796
5.22322803735733
7.861368358135223
7.525158673524857
8.33091139793396
7.436594367027283
4.953714460134506
12.549905478954315
15.986734628677368
6.436502188444138
6.758388876914978
9.753542393445969
5.845677852630615
11.461417376995087
7.8286997973918915
8.554723858833313
11.763876676559448
11.722395569086075
9.663041681051254
11.610868573188782
11.423542350530624
11.090146750211716
10.440992563962936
10.091616213321686
14.461930096149445
8.344661444425583
10.981640964746475
11.385498195886612
12.349393218755722
13.939502835273743
13.804587721824646
10.864203423261642
16.708825528621674
11.423125118017197
10.030144453048706
16.258618235588074
10.908950120210648
6.023973971605301
12.659212946891785
14.223848283290863
10.47479510307312
11.250150203704834
5.858238041400909
5.353245139122009
6.7833103239536285
11.225158721208572
5.169812962412834
11.69852465391159
9.107067435979843
6.534632295370102
14.323082566261292
6.01973719894886
9.868305176496506
10.75163185596466
5.793821811676025
6.128216534852982
13.585557043552399
12.79766857624054
7.398565113544464
19.385184347629547
12.193988263607025
4.719958454370499
10.950210690498352
7.48879462480545
13.677720725536346
15.595327317714691
12.686842679977417
10.700561106204987
10.649432986974716
8.77406820654869
11.236471682786942
10.030411183834076
11.751750856637955
10.139093548059464
9.013273566961288
6.739239394664764
5.308664217591286
7.371335476636887
8.59694704413414
5.532443523406982
13.201035559177399
8.728989958763123
13.69507610797882
10.964439064264297
10.485939681529999
14.402195811271667
11.029952764511108
14.941956102848053
11.509625613689423
13.336727023124695
11.021297425031662
11.053865402936935
8.898825943470001
8.126047998666763
8.377523720264435
3.828439489006996
12.342067807912827
12.396873533725739
10.383699834346771
5.642102286219597
7.811154425144196
9.314533323049545
17.412658035755157
5.57529553771019
13.685429096221924
11.558787524700165
7.486049830913544
9.231190383434296
16.27507507801056
12.370293587446213
6.338676810264587
6.803374737501144
3.903968259692192
7.07225501537323
8.493181318044662
11.490114778280258
12.406094372272491
11.101043969392776
12.240984290838242
19.369912147521973
9.939636290073395
12.464957684278488
12.577642500400543
11.289049685001373
5.362587422132492
9.69574749469757
6.418624520301819
10.627153515815735
9.813596308231354
9.725157916545868
8.224677294492722
11.342938244342804
6.603685766458511
4.350670054554939
11.653349548578262
8.482466638088226
13.424496352672577
7.711324840784073
15.641000866889954
14.906328916549683
10.951793193817139
10.662666708230972
11.800862848758698
8.401133120059967
12.43453100323677
9.644662588834763
17.465253174304962
3.0891461297869682
3.224845603108406
10.620128363370895
6.22933954000473
5.009597539901733
3.769030049443245
2.4465519934892654
2.8707806020975113
5.427505075931549
7.128754258155823
13.63905519247055
14.185917377471924
3.200344741344452
6.592696905136108
6.207188963890076
12.211276590824127
16.09192192554474
15.208332240581512
10.4691281914711
5.435989424586296
10.98271906375885
6.5736450254917145
12.366727739572525
9.2874214053154
9.570112824440002
7.1737490594387054
11.104238033294678
8.787240833044052
10.768590867519379
13.302712142467499
10.436062514781952
7.440916448831558
13.141024112701416
9.985555708408356
11.043108254671097
12.281470000743866
8.213917911052704
7.4500784277915955
12.900391221046448
9.8368339240551
5.322118848562241
7.1489401161670685
5.940227955579758
4.20512855052948
10.06331592798233
13.027985394001007
9.040751308202744
8.195086568593979
9.541471302509308
15.931200981140137
8.945483714342117
11.222150176763535
16.472887992858887
10.797225683927536
9.535351395606995
11.142374575138092
12.70725429058075
4.389451816678047
11.667567491531372
8.532365411520004
10.663948953151703
8.550763875246048
6.803213804960251
9.507543593645096
3.3693332225084305
5.950205773115158
10.17611175775528
10.796566307544708
10.413268953561783
0.6865250412374735
13.093839585781097
8.684582263231277
10.636527836322784
10.876121371984482
7.157362252473831
4.079917073249817
7.568155229091644
9.541931748390198
9.196306020021439
9.781508147716522
10.957669466733932
7.487413287162781
8.728942275047302
8.037643879652023
5.727245286107063
11.307553946971893
13.220533728599548
9.523537755012512
13.617753982543945
11.217886954545975
11.946400254964828
13.730823993682861
10.570333153009415
14.71811980009079
11.887693405151367
12.804858386516571
10.258467495441437
8.358807861804962
11.029530316591263
9.593452513217926
10.485710203647614
12.593913078308105
14.742831885814667
11.531053483486176
8.012565225362778
11.031687259674072
13.96312415599823
12.629126012325287
7.540027052164078
8.594556897878647
7.166890799999237
6.62357285618782
9.398341923952103
7.954129576683044
19.427067041397095
6.5543390810489655
17.100583016872406
10.130896419286728
5.2183847874403
10.231618583202362
7.658490538597107
6.548351049423218
10.908021032810211
8.166605979204178
11.045417934656143
7.268277555704117
4.638044163584709
