2.110164426267147
1.4524742029607296
2.0456595346331596
1.6981560736894608
1.552940160036087
1.6071366146206856
1.418327260762453
3.464166447520256
1.631440408527851
1.9244680181145668
1.4789837412536144
0.9287016466259956
2.8391648083925247
2.0797207951545715
1.2240557931363583
0.6973357871174812
0.62694544903934
4.7667935490608215
2.4617284536361694
1.6054727137088776
0.7039273623377085
1.7686666920781136
2.6591572910547256
4.853221029043198
0.7607023697346449
1.098700799047947
0.5369462538510561
2.4345047771930695
3.540157526731491
3.5729438066482544
2.5332575663924217
1.7980961129069328
1.4456658624112606
1.699167676270008
4.573953151702881
1.9315319135785103
1.3731657527387142
1.5323832631111145
0.784730538725853
0.3412281395867467
1.0690556839108467
0.5352073814719915
1.4631842263042927
1.7120018601417542
1.4018751680850983
1.7355678603053093
0.9067145176231861
0.7903174497187138
1.561045553535223
1.1368277482688427
0.7441563066095114
0.8715136907994747
1.821635290980339
3.9368417114019394
3.4044064581394196
1.280233170837164
0.6788372993469238
0.5175643134862185
1.0051339864730835
1.6746604815125465
5.366607755422592
1.4164130203425884
1.6530400142073631
2.948790416121483
1.068815030157566
2.4623211473226547
0.8777931332588196
2.274831384420395
0.29818592593073845
2.107386104762554
1.5813540667295456
2.4640049785375595
0.9915927425026894
2.0918739959597588
3.410237655043602
2.1848738193511963
1.9536424428224564
1.6819510608911514
1.0474426671862602
1.2687965296208858
1.8522068858146667
0.8429682813584805
0.9435615502297878
1.6418270766735077
1.1796606704592705
1.24055752530694
6.424359977245331
4.288877546787262
1.9179968163371086
0.8549089543521404
0.4260464571416378
1.892649196088314
0.4586685448884964
0.9522025473415852
5.844849720597267
1.8539562821388245
3.1406018882989883
2.9903147369623184
1.5942314639687538
0.8803367614746094
1.0574870742857456
3.4287914633750916
0.9854408912360668
1.8943576142191887
1.310819387435913
2.1853508427739143
1.9253110513091087
1.1884464882314205
0.23390979040414095
0.1110585406422615
0.81700524315238
1.3440563343465328
2.644146606326103
1.1507751420140266
4.280649125576019
2.4460744112730026
3.3358559012413025
2.0875640213489532
1.7425600439310074
3.457089513540268
0.8391290903091431
3.950384259223938
4.316064715385437
1.735435612499714
0.5263820756226778
4.9368105828762054
0.22762799635529518
0.4598759114742279
0.6514240521937609
0.3894013585522771
2.2987570613622665
0.49583944492042065
0.8890652097761631
0.9573320858180523
2.651342563331127
2.869548089802265
2.3411402478814125
5.494490638375282
1.2248649261891842
1.7245590686798096
1.6279330477118492
2.011321671307087
2.7515508234500885
3.646707534790039
3.202463313937187
1.4131216332316399
1.0080683045089245
3.78962978720665
2.4949582293629646
4.534316435456276
0.8575582876801491
0.9914696216583252
2.0055104047060013
0.9556370787322521
0.8167630061507225
1.6256801784038544
6.902565062046051
6.662998348474503
1.8187206238508224
0.7797840051352978
4.877856001257896
1.9649241119623184
0.3900001058354974
0.5075935274362564
1.1660546995699406
1.5214107930660248
0.7477300707250834
4.0807560086250305
1.3578148558735847
1.4868561178445816
3.3992156386375427
2.007550932466984
4.769380018115044
2.1879393607378006
2.9751719906926155
2.9380004853010178
3.875679522752762
0.5887916777282953
0.8992628194391727
1.6684239730238914
2.826112136244774
2.510244958102703
1.7055870965123177
0.9974764660000801
1.7205091193318367
0.6559235509485006
0.26137265376746655
1.279518473893404
0.449951458722353
0.9035671129822731
0.6109826732426882
0.022367018391378224
0.80903684720397
0.2913274336606264
1.0149572975933552
3.103221580386162
0.2945848274976015
0.5100327078253031
1.049039326608181
1.8971581012010574
0.32791055273264647
3.1454119831323624
2.0072072744369507
1.636698842048645
0.961674191057682
1.9737813621759415
5.637656152248383
0.20309686660766602
0.2752793952822685
0.4960530437529087
0.41501992382109165
0.6096131168305874
1.2352862395346165
1.5066083520650864
1.8634242936968803
1.3029004447162151
1.3119217939674854
1.4967091381549835
2.709841914474964
1.1262690648436546
0.7557190023362637
1.749890111386776
0.9639959782361984
0.893623661249876
2.1761996671557426
2.3544779047369957
1.4512866735458374
2.0088888704776764
1.4394722878932953
2.733052335679531
4.86169271171093
2.475474588572979
2.677505649626255
0.6305383518338203
1.0093063116073608
1.140699815005064
1.4298208989202976
1.7662059515714645
3.509971871972084
1.023876667022705
1.003964338451624
0.9109869599342346
1.7193526029586792
1.701514795422554
1.8887313082814217
4.6410489827394485
2.3945119231939316
1.4870614744722843
3.4885603934526443
3.158782795071602
1.6645433381199837
0.3211669158190489
0.5213994067162275
2.586934342980385
3.6314278841018677
2.2658439353108406
1.377804670482874
2.1729348227381706
2.90304534137249
1.862129382789135
1.639334298670292
2.9700923711061478
4.016290977597237
2.9136821627616882
1.9382674247026443
2.3553242906928062
4.025773331522942
5.056976154446602
2.272060699760914
3.212524950504303
2.232413738965988
2.416686713695526
2.837696485221386
3.547344356775284
3.0825605615973473
1.4079573564231396
1.902485080063343
2.2203246131539345
2.9128437861800194
2.766491286456585
2.614782191812992
2.6832418516278267
2.597898803651333
2.322102151811123
3.7624813616275787
3.4282520413398743
3.1625885516405106
1.1654825881123543
0.7607496343553066
0.8566590026021004
2.688423916697502
2.35474556684494
4.861331358551979
3.2291214913129807
4.460547864437103
0.25033713318407536
2.169969119131565
2.4966586381196976
3.3371347934007645
1.5269813127815723
1.1898159980773926
1.6175730153918266
0.38429934065788984
2.4381186813116074
1.5456578694283962
0.7197644095867872
0.27241602074354887
1.391923613846302
0.8407317101955414
1.1341038160026073
2.0352791994810104
0.8314878679811954
0.5317883566021919
1.7360547557473183
0.6231690756976604
2.8805075213313103
0.7350102066993713
0.6211832631379366
1.2287427671253681
0.5091614555567503
0.38306242786347866
1.0113457217812538
1.9537270069122314
0.9329014457762241
4.468857869505882
2.873246930539608
1.8696878105401993
1.8097581341862679
3.7176433950662613
2.777968719601631
1.8531983718276024
2.719007432460785
1.180851273238659
1.750008575618267
3.8637571036815643
0.9046102873980999
1.6120128333568573
0.691826967522502
1.5221808105707169
1.8407385796308517
2.6230936869978905
1.576782949268818
1.3244281522929668
1.3674573972821236
1.8652478232979774
2.064574882388115
1.4599272049963474
1.8970629200339317
3.963565453886986
1.563584990799427
3.1806249171495438
2.2449415177106857
1.647842489182949
1.3861462473869324
1.8542628735303879
2.088540978729725
1.0729627683758736
2.54196897149086
1.9088059663772583
1.7785931006073952
1.5949461609125137
1.575995422899723
1.1058147065341473
0.5501828156411648
0.20873791072517633
0.35588087048381567
0.25648355949670076
0.6642652209848166
0.8115848526358604
2.4699918925762177
1.7080733552575111
2.9770677909255028
2.6443155482411385
0.7622929755598307
1.7101651057600975
0.53812051191926
1.044450793415308
0.5665785633027554
2.0510299131274223
1.9492162391543388
1.649412140250206
1.61339920014143
1.2377460487186909
1.8223103135824203
0.539934728294611
0.796059425920248
1.8960023298859596
1.862351968884468
0.9298116900026798
1.0517342947423458
0.24858464021235704
2.3610329255461693
4.970330372452736
0.9798404760658741
0.9569297544658184
1.4165693894028664
1.125423051416874
2.2511519491672516
5.255270004272461
1.888829655945301
1.5409448184072971
2.646445296704769
0.48823454417288303
5.9790294617414474
2.339106798171997
0.8196476846933365
1.9923526793718338
1.4641239307820797
2.930896170437336
1.3103303499519825
0.19067557295784354
0.09307077853009105
2.0765358582139015
2.6090241968631744
0.8881094865500927
1.5505766496062279
1.0922660119831562
1.6772015020251274
0.8096239529550076
1.0713611729443073
1.4435146003961563
0.607419153675437
0.763662438839674
0.9237918071448803
2.7949133887887
1.6340984031558037
1.564609631896019
2.5258082896471024
0.8833472616970539
1.4223864302039146
1.7092468217015266
2.486995793879032
2.7097387239336967
1.5241365879774094
1.3728031888604164
0.9801160544157028
2.515711635351181
1.7744457349181175
0.860308576375246
4.227206856012344
1.3653958216309547
1.6181990504264832
1.945386454463005
3.1549829989671707
2.031159959733486
2.367996796965599
2.3309264332056046
3.887643665075302
1.4821584336459637
3.592507541179657
0.9967684745788574
0.686103105545044
1.199809741228819
0.7344099227339029
1.0705752298235893
1.1779161170125008
0.5664648022502661
1.9345538690686226
2.06737257540226
2.429335005581379
2.1875575184822083
0.7799397688359022
5.435597896575928
1.6336355358362198
1.1090746149420738
1.6726555302739143
2.7957065030932426
3.7108566612005234
1.3797082006931305
1.2884135358035564
0.6658411584794521
3.0035775154829025
1.6010899096727371
1.2160908430814743
2.2370846942067146
1.3905233703553677
6.355730444192886
1.8251441419124603
2.263154089450836
0.9388389065861702
5.178551375865936
2.7455439791083336
3.410521522164345
1.7943406477570534
1.2779343873262405
2.5978630408644676
2.725129947066307
2.2821733728051186
5.430107936263084
1.5631383284926414
1.4314494095742702
1.488550752401352
1.2759667821228504
1.7577918246388435
1.8931342288851738
1.9913963973522186
1.3110942207276821
1.180875115096569
0.7294795475900173
5.091561749577522
0.9154629893600941
1.3551220297813416
2.507594972848892
0.5860073957592249
0.2104165032505989
1.325768232345581
1.069292239844799
0.24566790089011192
1.4791281893849373
2.574564516544342
0.7842305116355419
1.2112987227737904
0.14632628299295902
0.3293488174676895
3.0285922810435295
1.9229399040341377
0.9664622135460377
0.712338974699378
5.145125091075897
2.4509238079190254
1.1587541550397873
0.9443610906600952
3.1926054507493973
1.0208162479102612
1.4137263409793377
1.6994446516036987
1.4890638180077076
0.8804373443126678
1.900583878159523
1.0488227009773254
0.38701773155480623
2.9409125447273254
3.1103333458304405
2.593657374382019
0.3369830548763275
4.634256288409233
2.115130238234997
0.4787267651408911
3.188686817884445
0.6273897830396891
2.78367530554533
3.672536462545395
2.787501737475395
1.4125310815870762
1.9769180566072464
3.0339710414409637
2.3530451580882072
1.2869412079453468
1.2308773584663868
1.0570986196398735
3.375840187072754
3.6100883036851883
1.3976233080029488
0.3082048846408725
3.5449881106615067
3.5517744719982147
1.1027953587472439
0.4765680059790611
1.7790598794817924
1.538890041410923
2.1926162764430046
1.6097620129585266
0.41274940595030785
2.179131656885147
1.6675876453518867
1.78875382989645
2.0401891320943832
3.044453449547291
2.2181840613484383
1.9019793719053268
0.5827691406011581
2.9061218723654747
3.402811288833618
1.9414588809013367
0.8652066811919212
0.6591802928596735
0.8348373696208
2.1244196221232414
1.677628979086876
1.5932684764266014
2.4631736800074577
0.5708355456590652
2.8168290853500366
3.0903927981853485
1.9902156665921211
1.4918585307896137
1.9676782190799713
1.7978070303797722
2.486664801836014
2.557818591594696
4.444199055433273
0.5971634294837713
1.5209285542368889
1.3484333641827106
1.1212156154215336
2.4605637416243553
0.6844461895525455
0.2422512974590063
0.7189246825873852
3.729735314846039
1.1177080683410168
1.2483004480600357
1.7362918704748154
2.0426977425813675
0.4147922620177269
0.6752712652087212
3.366919234395027
3.1692735850811005
0.813820119947195
1.1435342952609062
1.5732742846012115
0.12575793080031872
0.2208521356806159
0.6992070935666561
1.613357663154602
2.736864611506462
1.7063139006495476
1.0347352363169193
3.072282299399376
0.9700010530650616
5.296830460429192
0.9842350147664547
0.6783044897019863
1.511665154248476
0.9154897183179855
0.28145976830273867
3.075714036822319
0.6811886094510555
1.061424519866705
0.8539287373423576
0.39084460586309433
3.9483338594436646
0.42809415608644485
0.6949485279619694
0.5603432189673185
3.730899468064308
0.9955625981092453
1.677200198173523
2.5725489482283592
2.663201093673706
1.9041704013943672
0.6513391621410847
2.0181596279144287
1.8216103315353394
1.1334997601807117
1.155045721679926
1.5903705731034279
0.25606511626392603
0.9498578496277332
1.7130320891737938
5.511706322431564
2.0957503467798233
0.2855513943359256
0.3911250736564398
2.312793955206871
1.5940388664603233
1.0898972861468792
3.0084194615483284
6.012116000056267
2.2078249603509903
0.47758426517248154
0.48529100604355335
0.47928933054208755
1.5845973044633865
1.3343713246285915
0.7854977622628212
0.45853937044739723
1.926170103251934
0.9640716947615147
1.0993719100952148
2.863381989300251
1.3666529208421707
1.8749572336673737
1.8637996166944504
1.5748601406812668
0.6667337380349636
1.3944150879979134
2.0721564069390297
1.3659675605595112
2.6128245517611504
5.82188107073307
0.7338394410908222
4.220040887594223
2.0823631435632706
2.211487293243408
0.8347000926733017
1.6393203288316727
2.9051119461655617
5.294777452945709
0.33359588123857975
0.7065019104629755
0.6955952849239111
1.816774532198906
0.8156334981322289
0.9823274798691273
0.9162347763776779
0.19837759900838137
