5.684374645352364
3.870689868927002
2.6959190145134926
1.5661556273698807
4.473381862044334
5.095715820789337
2.959243766963482
2.7883486822247505
1.062977034598589
1.9359754398465157
2.308693528175354
2.3621775209903717
1.635107584297657
2.50552985817194
1.512815523892641
1.0364354588091373
3.555351123213768
5.051717907190323
2.6117131114006042
6.227200850844383
3.0020279809832573
1.6255613416433334
2.8987739235162735
2.8519196435809135
2.497732825577259
5.097066983580589
2.6990102604031563
1.208836492151022
2.294792979955673
1.9602099433541298
1.8519030883908272
2.2622382268309593
2.347133308649063
0.918975193053484
1.9509965553879738
2.5872597470879555
3.007653169333935
2.9294453561306
1.4236188493669033
2.2951925173401833
5.183988809585571
1.2489303946495056
2.2616038098931313
2.140670455992222
0.7026069797575474
2.6570409536361694
2.1896706894040108
2.4990612640976906
2.4993572384119034
2.499995194375515
3.302542492747307
3.3109188079833984
1.4176993630826473
5.702917277812958
2.663411758840084
1.7800254747271538
2.3206371814012527
1.2257636524736881
1.434608083218336
1.8301896750926971
1.8074175342917442
2.7053289115428925
3.0726898461580276
15.745711326599121
6.223937124013901
3.3023808151483536
3.6586113274097443
2.8505023568868637
1.9672157242894173
1.9198661670088768
3.2543957233428955
2.343076467514038
5.723610520362854
4.688004404306412
4.479702189564705
3.771962597966194
5.298793315887451
5.354380235075951
4.63523156940937
4.018300771713257
1.3020233251154423
3.0602768063545227
2.5204570963978767
1.9272580742835999
3.3591296523809433
4.869372770190239
2.620379999279976
1.1904960498213768
3.3774103969335556
3.516010567545891
2.6028336957097054
2.4182619526982307
1.623975858092308
4.1804488748312
8.88872891664505
3.1764835119247437
2.628331072628498
4.400486126542091
1.4714841730892658
1.2630429118871689
2.7423107996582985
3.0765628442168236
2.7238884940743446
2.877775952219963
1.9689809530973434
1.7609687522053719
1.6067150980234146
4.166819155216217
7.808268070220947
4.7591764479875565
1.5002320520579815
3.584548458456993
5.9083491563797
5.4708972573280334
5.477062240242958
6.500183045864105
2.88864579051733
3.7436753511428833
5.278393998742104
3.7379972636699677
2.758326753973961
7.050100713968277
3.0888069421052933
1.5259042382240295
3.0542949214577675
4.600271582603455
4.262006655335426
4.989456012845039
3.5665929317474365
3.8375724107027054
4.589641839265823
3.864124044775963
5.469169095158577
8.10404047369957
3.4182384610176086
4.669642075896263
3.3992748707532883
3.904702141880989
2.6680516079068184
2.712133526802063
2.1973051130771637
2.00226791203022
5.239537730813026
3.2121170312166214
4.290182515978813
4.316798225045204
2.6929946616292
3.228209540247917
3.204059600830078
5.600462481379509
4.549095407128334
3.731202334165573
2.2853953763842583
4.311491549015045
5.558282881975174
5.485055595636368
3.5810723900794983
5.3170450031757355
6.495244055986404
4.307051002979279
5.231904238462448
3.9756890386343002
2.568577602505684
4.29585687816143
3.759904205799103
2.857346832752228
4.040149971842766
2.0637115463614464
2.066377177834511
4.159007593989372
1.922219805419445
4.2745839804410934
3.529144451022148
4.564804956316948
4.845621809363365
5.386759713292122
2.2975675761699677
2.128949761390686
2.3226069286465645
2.7432849630713463
2.331865392625332
3.6880899220705032
2.9745440930128098
2.034508064389229
2.4414682760834694
3.6089908331632614
1.7026042565703392
2.0088016986846924
1.1659789830446243
4.472168534994125
7.3548100888729095
3.0412714928388596
5.769084766507149
5.077032372355461
1.709756813943386
3.076406940817833
9.135645627975464
5.946940183639526
2.0073354244232178
2.1914439275860786
1.2200109660625458
0.4359087906777859
2.352914772927761
3.696940466761589
1.9688135012984276
1.7021358013153076
0.9131103754043579
1.0038134641945362
0.8246949873864651
6.55471608042717
2.4963783100247383
1.8857933580875397
0.4533959086984396
0.48658959567546844
2.652226947247982
3.6378785967826843
1.7631471157073975
2.6373080909252167
0.47065247781574726
0.9789375588297844
0.5830427166074514
1.7198283225297928
3.328925743699074
1.590888760983944
2.9498716816306114
1.2526494450867176
1.1189491488039494
1.7544863745570183
2.534334175288677
1.4198794960975647
1.6773760318756104
1.4644693583250046
4.973747581243515
3.212522342801094
2.9992500320076942
2.1405410021543503
0.5284761544317007
1.621437817811966
1.2736582197248936
1.1957048438489437
6.701755523681641
3.1272616237401962
0.539470836520195
3.2871518284082413
1.1643280275166035
2.257789485156536
2.174687944352627
1.8815236166119576
1.4045174233615398
1.0109000839293003
2.5428440421819687
1.708851009607315
4.179985076189041
2.8584465384483337
1.9114065915346146
1.1922979727387428
1.4763210900127888
2.474815770983696
2.2173775359988213
1.3024144805967808
1.7023922875523567
1.146275456994772
5.112367868423462
8.836906403303146
2.1133573725819588
0.6916427984833717
0.9061085991561413
2.1366702392697334
1.0298619978129864
2.7880197390913963
5.567522719502449
2.345438674092293
1.315332017838955
3.957843780517578
1.4218847267329693
3.409210592508316
3.4685902297496796
2.5473855435848236
3.1876228749752045
2.2122176364064217
4.050826653838158
5.350759997963905
2.7963148429989815
3.0243001878261566
10.086726397275925
3.287213295698166
3.290664404630661
5.553630366921425
3.015313670039177
2.6649655774235725
0.5819202400743961
1.9290149211883545
6.810351461172104
2.1191027015447617
3.544902801513672
3.2875634729862213
5.464954674243927
1.1938256211578846
2.222825773060322
1.606745831668377
2.1522246301174164
1.395875308662653
2.272488735616207
2.2273600101470947
3.0766434967517853
3.4701038151979446
3.0442994087934494
2.21442598849535
2.311990037560463
1.6687015071511269
2.7845581993460655
1.5330541878938675
0.1859947806224227
0.8087239228188992
1.9113678485155106
2.4953970685601234
1.316187996417284
1.9637331366539001
2.3705141618847847
4.323539882898331
2.345956861972809
2.6111800223588943
1.9491033628582954
3.70248444378376
3.0680667608976364
5.742425844073296
1.4046654105186462
1.266119908541441
1.482054591178894
1.8852442502975464
1.6624154523015022
3.627919778227806
4.469519481062889
1.3500847853720188
2.5642776861786842
2.806776389479637
2.3709736764431
2.6852335780858994
1.026864442974329
0.38474821485579014
2.005605213344097
2.9835306107997894
3.08307446539402
9.645037353038788
2.2296402603387833
1.5545738860964775
2.2760095074772835
4.345199465751648
1.7664449289441109
1.9539374858140945
1.387809682637453
4.244159162044525
2.79031228274107
6.367829442024231
1.7419308423995972
4.298068583011627
2.172107622027397
1.3141402043402195
4.040820524096489
2.508093975484371
1.1790965683758259
3.7982277572155
2.1130328997969627
1.693650335073471
1.3459818437695503
1.9149355590343475
1.9083797931671143
2.539597451686859
3.1653832644224167
3.128252550959587
1.6627505421638489
3.4191854298114777
3.267229348421097
2.093418873846531
0.6882651709020138
1.0021050460636616
2.1749375388026237
1.5234784223139286
2.9433421790599823
2.5543883442878723
1.1043017730116844
2.160605415701866
1.5905696898698807
2.5411630049347878
1.4611458405852318
1.469611283391714
3.95793579518795
1.5133842825889587
5.215958878397942
2.463083900511265
5.435656756162643
0.648920563980937
1.7034893855452538
2.402445115149021
3.5208944231271744
4.595930129289627
2.4205198511481285
1.1349148117005825
0.984820444136858
1.290650386363268
3.6977749317884445
5.244629085063934
3.9634190499782562
2.680858224630356
1.9572164863348007
1.16347074508667
0.8540922775864601
1.4835705049335957
1.669425517320633
1.7901510000228882
0.589605700224638
0.538979098200798
2.758641727268696
3.460508957505226
1.2606479227542877
1.4136693440377712
0.6612061522901058
1.6145018860697746
5.673319473862648
2.289082854986191
3.8886316120624542
0.37748441100120544
1.3102812692523003
0.9758907370269299
2.586674690246582
2.137095667421818
2.0239554345607758
2.415861003100872
0.36567975766956806
0.6413387600332499
3.797619789838791
2.3034876212477684
4.511209577322006
2.6267455890774727
4.404457286000252
1.5623041428625584
5.533403530716896
4.549646750092506
5.171992257237434
0.780147360637784
1.2493456713855267
2.926434203982353
2.8264321386814117
2.5943586602807045
4.7782521694898605
2.776266448199749
4.415924102067947
1.6571106389164925
4.759134724736214
7.182507216930389
1.1328522115945816
1.3842922635376453
1.8735852092504501
1.7257293686270714
1.6505394130945206
5.728444084525108
3.6262672394514084
2.8508905321359634
2.83258855342865
5.117953568696976
1.765814796090126
1.881963387131691
1.9113127142190933
2.231878414750099
2.2820105776190758
4.67739962041378
3.683594986796379
3.911922499537468
2.956536039710045
1.7671843990683556
1.9766563549637794
1.8418874591588974
2.299380488693714
0.9992551989853382
1.8224451690912247
3.3547531813383102
2.3067982867360115
3.7425071001052856
2.69839521497488
3.134613111615181
4.073769971728325
2.150307409465313
1.094322558492422
1.840028166770935
3.235270082950592
2.3363759741187096
3.061855584383011
3.2784156501293182
1.8874648958444595
0.8332517929375172
2.758242189884186
3.7827298045158386
4.7691959887743
4.750652238726616
1.3000020757317543
1.5976557508111
1.3675217516720295
0.4149087704718113
3.8864951580762863
1.1481819674372673
2.40669846534729
4.4159505516290665
2.420840784907341
3.1981848180294037
1.5230209566652775
2.033260278403759
1.3388855382800102
9.509588778018951
3.1758107244968414
4.45837639272213
1.839708723127842
3.740927204489708
7.194982469081879
2.5847265496850014
3.379707783460617
2.963574044406414
4.65664267539978
3.164118528366089
3.733053058385849
1.1046999134123325
3.0407439917325974
5.689462274312973
3.1599830836057663
5.619379878044128
3.573857992887497
4.3154265731573105
5.282720550894737
2.502177283167839
2.065807208418846
1.768728718161583
5.053218454122543
2.501492202281952
2.14637890458107
2.3914406076073647
4.390119016170502
2.6065081357955933
6.308066099882126
5.089691653847694
2.062121406197548
1.7621451988816261
3.2631468027830124
4.070335999131203
7.107193022966385
4.508310183882713
3.3063597977161407
5.145960673689842
4.489489272236824
5.704960599541664
2.0154889672994614
11.904920637607574
7.090703397989273
3.3850260078907013
9.296786040067673
6.938529759645462
1.709020510315895
4.984251409769058
7.409282773733139
8.385856449604034
4.548420011997223
1.4050466939806938
2.362663485109806
2.557729184627533
3.027607500553131
2.432881109416485
3.83923202753067
1.303956750780344
5.775197222828865
1.3609815388917923
4.68735508620739
3.1050847843289375
3.1486812978982925
2.5943944230675697
3.6015059798955917
4.923160374164581
4.755428433418274
2.908565476536751
3.2000798732042313
3.1186187639832497
2.5663213804364204
3.7731822580099106
4.383869096636772
2.3957809433341026
2.926796115934849
5.405765771865845
2.742192894220352
2.5001686066389084
1.2694399803876877
3.3719096332788467
3.301098570227623
2.92905792593956
2.1536368876695633
4.339016228914261
3.56861911714077
1.4723295345902443
3.181743621826172
2.3625068366527557
1.2136345729231834
1.759571023285389
4.537799209356308
7.66390860080719
3.1714431941509247
2.2588882595300674
2.0144861191511154
0.8729978464543819
0.34611658193171024
3.0830951407551765
4.315551742911339
1.2035515159368515
2.0897775888442993
1.2736160308122635
0.9584327228367329
1.0169395245611668
2.487947605550289
6.523693352937698
1.6608435660600662
2.7044592425227165
1.023110281676054
2.86791380494833
2.716732583940029
1.4846405014395714
1.456973608583212
2.4436471983790398
1.9324366003274918
2.488703653216362
1.8670083954930305
2.803504839539528
3.2181717455387115
1.5201391652226448
2.6573248207569122
1.8113190308213234
2.273668348789215
2.8032369911670685
1.7262393608689308
0.5459732376039028
3.2936882227659225
5.303914844989777
8.62233117222786
2.769138850271702
3.5736657679080963
1.3144568540155888
2.669554017484188
1.8398154526948929
1.3796227052807808
2.7894042432308197
0.962586048990488
0.742506654933095
5.114132538437843
2.6225730776786804
1.5703320503234863
1.9152408465743065
1.4254107140004635
2.1105697378516197
3.178531676530838
1.8086418509483337
1.7375970259308815
1.0920744389295578
1.0608620941638947
3.836914524435997
1.880926638841629
1.6305964440107346
2.106025256216526
2.090282551944256
1.9663402810692787
5.836318805813789
2.6432253420352936
3.033222258090973
1.9418684765696526
2.8314461931586266
2.3988908156752586
5.208493024110794
1.2695270590484142
3.8783684372901917
1.5386256389319897
2.871723845601082
1.611017994582653
3.1599607318639755
2.118544839322567
2.0767102017998695
3.1507696956396103
1.4727267436683178
3.2028011977672577
3.8052350282669067
1.724022813141346
0.6227178499102592
1.5116122551262379
1.6050362959504128
1.8319863826036453
2.1119605749845505
1.177486777305603
2.608676627278328
1.2218281626701355
1.7633745446801186
1.963156834244728
5.224613845348358
5.298776924610138
1.9417494535446167
3.965170308947563
2.5137225165963173
5.451095104217529
1.7917461693286896
3.1880687922239304
5.073168128728867
1.2670506723225117
2.3926232010126114
3.1186943873763084
1.1447861790657043
1.0009326972067356
0.6873380392789841
1.2330148369073868
3.0998138710856438
0.7857597433030605
4.162514582276344
2.1810803562402725
1.2764682993292809
0.809704139828682
1.8384357914328575
1.3005878776311874
1.5210097655653954
2.270529419183731
4.5058999210596085
2.6931090280413628
4.126300290226936
6.2149833887815475
1.3021539896726608
1.43022108823061
2.906187064945698
1.3359317556023598
4.7724369913339615
2.5811325758695602
4.879659786820412
4.388761892914772
1.7182428389787674
6.488954275846481
3.112989105284214
2.917233295738697
3.7205588072538376
5.633851140737534
7.037603110074997
1.714295707643032
4.105338454246521
2.975143864750862
2.590331993997097
2.0748013630509377
2.597208321094513
3.875284269452095
5.666807293891907
2.876325137913227
1.502396259456873
1.9133320078253746
2.81132310628891
3.625931218266487
2.9947511851787567
4.187344387173653
3.3394046127796173
3.3446211367845535
3.4296914935112
3.1590767204761505
2.4759793654084206
2.2572042420506477
5.305061861872673
2.864334173500538
1.2111515738070011
1.9554102793335915
5.122638121247292
7.97010138630867
2.29144636541605
1.7579123377799988
1.2763218954205513
4.379763454198837
3.2204296439886093
5.605223402380943
2.6315711438655853
3.1893130391836166
6.184704229235649
3.1833570450544357
9.109503775835037
1.6901716589927673
4.081132635474205
3.485002741217613
9.08481553196907
4.770777374505997
2.283322252333164
2.733701281249523
2.6585640385746956
4.327639564871788
3.331274911761284
5.104168131947517
3.1353771686553955
2.2310396656394005
3.796423226594925
4.252766817808151
4.039223492145538
2.0783543586730957
4.125355929136276
1.9037418067455292
2.9760388657450676
1.610616222023964
1.6276046633720398
3.504353016614914
1.0240239091217518
1.7880089581012726
6.073982268571854
5.4504141211509705
5.794739723205566
3.1749457120895386
4.930625855922699
3.049016371369362
1.8851255998015404
1.668442040681839
5.508077889680862
4.139829054474831
5.492474138736725
2.8952401131391525
4.125678539276123
4.339096695184708
2.0412301644682884
1.4130651019513607
5.46497255563736
2.347840927541256
3.212093934416771
6.9632068276405334
2.6114368811249733
4.061725363135338
4.1787102818489075
6.766317039728165
3.2905135303735733
1.9444998353719711
1.718415878713131
3.989711031317711
3.3962782472372055
2.1124305203557014
2.0669087767601013
4.054880514740944
3.132025897502899
4.065918177366257
3.8955509662628174
1.7803655937314034
5.01154251396656
4.1848767548799515
3.2570701092481613
3.9369408041238785
6.953531503677368
3.7218667566776276
6.436730176210403
6.235694885253906
1.2492641806602478
1.645783707499504
1.6449593007564545
1.5479676425457
4.0613804012537
2.321614883840084
6.491927057504654
4.245040193200111
6.931574642658234
4.759624600410461
6.767833232879639
2.382171154022217
3.7348784506320953
2.538098953664303
4.67301718890667
2.280815877020359
1.9819119945168495
2.1326368674635887
2.645326592028141
3.0529726296663284
4.790139198303223
4.380674287676811
2.31943242251873
4.680913686752319
4.57642562687397
3.9447274059057236
3.2423652708530426
8.54230523109436
4.109681770205498
3.906671330332756
3.097258321940899
1.313875988125801
3.1167326495051384
2.0367907360196114
1.5265743248164654
2.725275233387947
1.824774220585823
1.4479107223451138
1.974533125758171
2.8688913211226463
4.541169106960297
4.389961808919907
1.7644105479121208
3.684467449784279
3.533267602324486
2.6785792782902718
1.7440304160118103
2.575794607400894
3.962382674217224
4.898955672979355
3.2118290662765503
1.7433559522032738
3.7148870527744293
3.4198619425296783
3.2465439289808273
3.293059766292572
3.6056261509656906
2.932034619152546
3.377315402030945
3.07882409542799
3.0292505398392677
1.8579091876745224
2.9529549181461334
3.4825358539819717
3.552686423063278
4.343673959374428
0.9222669526934624
3.5947568714618683
5.51379919052124
6.865755468606949
5.501493439078331
4.380035027861595
2.9867682605981827
1.512563694268465
5.8914899826049805
3.8927577435970306
3.5551708191633224
2.8009286150336266
2.9794808477163315
1.4460175298154354
2.9320552945137024
2.6090307161211967
3.756443038582802
3.463711589574814
2.1643364802002907
3.4283924847841263
1.549436803907156
2.417660504579544
4.318174347281456
3.184986859560013
2.5736793875694275
1.7784416675567627
6.055419519543648
15.018521249294281
5.556976422667503
7.390476763248444
0.6047300528734922
0.7729208096861839
0.8712489157915115
4.127752035856247
5.983751639723778
2.636309713125229
3.224821388721466
0.43919486925005913
2.2112537175416946
2.268601767718792
2.9581358656287193
5.791764333844185
1.3797088526189327
1.1501429602503777
2.354474924504757
2.6815196499228477
5.027637258172035
2.7104577049613
4.7527942806482315
4.498662427067757
2.4339471012353897
6.0073599219322205
3.4249968826770782
3.435308486223221
4.462884739041328
3.983975574374199
1.8746905028820038
4.053274542093277
4.298072308301926
6.1340562999248505
3.458072245121002
3.5011496394872665
1.7013628035783768
4.211448132991791
8.671154826879501
2.0536957308650017
2.6608480140566826
1.3895667158067226
3.1102295964956284
8.160411566495895
5.459455773234367
7.151135057210922
2.2359298542141914
5.966674163937569
4.5121606439352036
3.390131890773773
3.8835179060697556
3.0963443219661713
3.6249537020921707
0.8545469492673874
1.9729677587747574
2.0220473408699036
1.3933446258306503
7.0980459451675415
0.35137429367750883
2.299012430012226
2.287660539150238
2.4464942514896393
3.8665231317281723
3.0821524560451508
2.0945029333233833
2.9774928465485573
2.156747132539749
4.536331072449684
1.9833611324429512
1.265992783010006
0.8510665968060493
1.9883863627910614
2.9405655339360237
2.6215270161628723
3.2913733273744583
2.7449332177639008
6.45880326628685
4.2164478451013565
5.86056225001812
7.133106887340546
1.8500005826354027
4.196484759449959
4.040861502289772
0.7081824354827404
4.2464107275009155
2.0950600504875183
2.4556877091526985
1.9880250096321106
1.7880123108625412
0.6461056880652905
2.269817143678665
4.513679817318916
1.7159000039100647
3.7582457065582275
1.419435627758503
0.9873924776911736
2.042202092707157
2.760242111980915
2.269882895052433
2.4238573387265205
3.40958833694458
2.085493318736553
1.935681700706482
2.6915691792964935
4.395899921655655
2.508598379790783
2.3459045216441154
2.9488949105143547
1.4381960965692997
1.8619732931256294
3.3933889120817184
2.5303075090050697
1.172359474003315
2.7462374418973923
1.29053620621562
3.795042634010315
5.701903253793716
1.9971488043665886
3.29662524163723
5.030086636543274
2.0640792325139046
3.070267103612423
3.3374734222888947
5.411585420370102
5.373029783368111
6.021634489297867
0.8420150727033615
5.400574952363968
3.958239406347275
12.296522408723831
4.946248605847359
6.713196635246277
12.193495780229568
3.1842831522226334
1.9973142072558403
1.142868958413601
2.3771366104483604
2.2827856242656708
2.541455812752247
2.7756113559007645
3.2141968607902527
7.682845741510391
0.7067304570227861
2.8279732912778854
1.0338867083191872
2.9418719932436943
0.7171963807195425
1.6613878309726715
0.4540268797427416
2.1272940561175346
3.2568611204624176
1.9139960408210754
